0.005
0.01
0.015
0.02
0.025
0.030000000000000002
0.034999999999999996
0.04
0.045
0.049999999999999996
0.055
0.06
0.065
0.07
0.07500000000000001
0.08
0.085
0.09000000000000001
0.095
0.1
0.10500000000000001
0.11
0.115
0.12000000000000001
0.125
0.13
0.135
0.14
0.14500000000000002
0.15
0.155
0.16
0.165
0.17
0.17500000000000002
0.18000000000000002
0.185
0.19
0.195
0.2
0.20500000000000002
0.21000000000000002
0.215
0.22
0.225
0.23
0.23500000000000001
0.24000000000000002
0.245
0.25
0.255
0.26
0.265
0.27
0.275
0.28
0.28500000000000003
0.29000000000000004
0.295
0.3
0.305
0.31
0.315
0.32
0.325
0.33
0.335
0.34
0.34500000000000003
0.35000000000000003
0.35500000000000004
0.36
0.365
0.37
0.375
0.38
0.385
0.39
0.395
0.4
0.405
0.41000000000000003
0.41500000000000004
0.42000000000000004
0.425
0.43
0.435
0.44
0.445
0.45
0.455
0.46
0.465
0.47000000000000003
0.47500000000000003
0.48000000000000004
0.485
0.49
0.495
0.5
0.505
0.51
0.515
0.52
0.525
0.53
0.535
0.54
0.545
0.55
0.555
0.56
0.5650000000000001
0.5700000000000001
0.5750000000000001
0.5800000000000001
0.585
0.59
0.595
0.6
0.605
0.61
0.615
0.62
0.625
0.63
0.635
0.64
0.645
0.65
0.655
0.66
0.665
0.67
0.675
0.68
0.685
0.6900000000000001
0.6950000000000001
0.7000000000000001
0.7050000000000001
0.71
0.715
0.72
0.725
0.73
0.735
0.74
0.745
0.75
0.755
0.76
0.765
0.77
0.775
0.78
0.785
0.79
0.795
0.8
0.805
0.81
0.8150000000000001
0.8200000000000001
0.8250000000000001
0.8300000000000001
0.8350000000000001
0.84
0.845
0.85
0.855
0.86
0.865
0.87
0.875
0.88
0.885
0.89
0.895
0.9
0.905
0.91
0.915
0.92
0.925
0.93
0.935
0.9400000000000001
0.9450000000000001
0.9500000000000001
0.9550000000000001
0.9600000000000001
0.965
0.97
0.975
0.98
0.985
0.99
0.995
1.0
1.005
1.01
1.015
1.02
1.025
1.0299999999999998
1.035
1.0399999999999998
1.045
1.0499999999999998
1.055
1.0599999999999998
1.065
1.0699999999999998
1.075
1.0799999999999998
1.085
1.0899999999999999
1.095
1.0999999999999999
1.105
1.1099999999999999
1.115
1.1199999999999999
1.125
1.13
1.135
1.14
1.145
1.15
1.155
1.16
1.1649999999999998
1.17
1.1749999999999998
1.18
1.1849999999999998
1.19
1.1949999999999998
1.2
1.2049999999999998
1.21
1.2149999999999999
1.22
1.2249999999999999
1.23
1.2349999999999999
1.24
1.2449999999999999
1.25
1.255
1.26
1.265
1.27
1.275
1.28
1.285
1.2899999999999998
1.295
1.2999999999999998
1.305
1.3099999999999998
1.315
1.3199999999999998
1.325
1.3299999999999998
1.335
1.3399999999999999
1.345
1.3499999999999999
1.355
1.3599999999999999
1.365
1.3699999999999999
1.375
1.38
1.385
1.39
1.395
1.4
1.405
1.41
1.4149999999999998
1.42
1.4249999999999998
1.43
1.4349999999999998
1.44
1.4449999999999998
1.45
1.4549999999999998
1.46
1.4649999999999999
1.47
1.4749999999999999
1.48
1.4849999999999999
1.49
1.4949999999999999
1.5
1.505
1.51
1.515
1.52
1.525
1.53
1.535
1.54
1.545
1.5499999999999998
1.555
1.5599999999999998
1.565
1.5699999999999998
1.575
1.5799999999999998
1.585
1.5899999999999999
1.595
1.5999999999999999
1.605
1.6099999999999999
1.615
1.6199999999999999
1.625
1.63
1.635
1.64
1.645
1.65
1.655
1.66
1.665
1.67
1.6749999999999998
1.68
1.6849999999999998
1.69
1.6949999999999998
1.7
1.7049999999999998
1.71
1.7149999999999999
1.72
1.7249999999999999
1.73
1.7349999999999999
1.74
1.7449999999999999
1.75
1.755
1.76
1.765
1.77
1.775
1.78
1.785
1.79
1.795
1.7999999999999998
1.805
1.8099999999999998
1.815
1.8199999999999998
1.825
1.8299999999999998
1.835
1.8399999999999999
1.845
1.8499999999999999
1.855
1.8599999999999999
1.865
1.8699999999999999
1.875
1.88
1.885
1.89
1.895
1.9
1.905
1.91
1.915
1.92
1.9249999999999998
1.93
1.9349999999999998
1.94
1.9449999999999998
1.95
1.9549999999999998
1.96
1.9649999999999999
1.97
1.9749999999999999
1.98
1.9849999999999999
1.99
1.9949999999999999
2.0
2.005
2.01
2.015
2.02
2.025
2.03
2.035
2.04
2.045
2.05
2.0549999999999997
2.06
2.065
2.07
2.0749999999999997
2.08
2.085
2.09
2.0949999999999998
2.1
2.105
2.11
2.1149999999999998
2.12
2.125
2.13
2.135
2.14
2.145
2.15
2.155
2.16
2.165
2.17
2.175
2.18
2.185
2.19
2.195
2.1999999999999997
2.205
2.21
2.215
2.2199999999999998
2.225
2.23
2.235
2.2399999999999998
2.245
2.25
2.255
2.26
2.265
2.27
2.275
2.28
2.285
2.29
2.295
2.3
2.305
2.31
2.315
2.32
2.3249999999999997
2.33
2.335
2.34
2.3449999999999998
2.35
2.355
2.36
2.3649999999999998
2.37
2.375
2.38
2.385
2.39
2.395
2.4
2.405
2.41
2.415
2.42
2.425
2.43
2.435
2.44
2.445
2.4499999999999997
2.455
2.46
2.465
2.4699999999999998
2.475
2.48
2.485
2.4899999999999998
2.495
2.5
2.505
2.51
2.515
2.52
2.525
2.53
2.535
2.54
2.545
2.55
2.555
2.56
2.565
2.57
2.5749999999999997
2.58
2.585
2.59
2.5949999999999998
2.6
2.605
2.61
2.6149999999999998
2.62
2.625
2.63
2.635
2.64
2.645
2.65
2.655
2.66
2.665
2.67
2.675
2.68
2.685
2.69
2.695
2.6999999999999997
2.705
2.71
2.715
2.7199999999999998
2.725
2.73
2.735
2.7399999999999998
2.745
2.75
2.755
2.76
2.765
2.77
2.775
2.78
2.785
2.79
2.795
2.8
2.805
2.81
2.815
2.82
2.8249999999999997
2.83
2.835
2.84
2.8449999999999998
2.85
2.855
2.86
2.8649999999999998
2.87
2.875
2.88
2.885
2.89
2.895
2.9
2.905
2.91
2.915
2.92
2.925
2.93
2.935
2.94
2.945
2.9499999999999997
2.955
2.96
2.965
2.9699999999999998
2.975
2.98
2.985
2.9899999999999998
2.995
3.0
3.005
3.01
3.015
3.02
3.025
3.03
3.035
3.04
3.045
3.05
3.055
3.06
3.065
3.07
3.075
3.08
3.085
3.09
3.0949999999999998
3.1
3.105
3.11
3.1149999999999998
3.12
3.125
3.13
3.135
3.14
3.145
3.15
3.155
3.16
3.165
3.17
3.175
3.18
3.185
3.19
3.195
3.2
3.205
3.21
3.215
3.2199999999999998
3.225
3.23
3.235
3.2399999999999998
3.245
3.25
3.255
3.26
3.265
3.27
3.275
3.28
3.285
3.29
3.295
3.3
3.305
3.31
3.315
3.32
3.325
3.33
3.335
3.34
3.3449999999999998
3.35
3.355
3.36
3.3649999999999998
3.37
3.375
3.38
3.385
3.39
3.395
3.4
3.405
3.41
3.415
3.42
3.425
3.43
3.435
3.44
3.445
3.45
3.455
3.46
3.465
3.4699999999999998
3.475
3.48
3.485
3.4899999999999998
3.495
3.5
3.505
3.51
3.515
3.52
3.525
3.53
3.535
3.54
3.545
3.55
3.555
3.56
3.565
3.57
3.575
3.58
3.585
3.59
3.5949999999999998
3.6
3.605
3.61
3.6149999999999998
3.62
3.625
3.63
3.635
3.64
3.645
3.65
3.655
3.66
3.665
3.67
3.675
3.68
3.685
3.69
3.695
3.7
3.705
3.71
3.715
3.7199999999999998
3.725
3.73
3.735
3.7399999999999998
3.745
3.75
3.755
3.76
3.765
3.77
3.775
3.78
3.785
3.79
3.795
3.8
3.805
3.81
3.815
3.82
3.825
3.83
3.835
3.84
3.8449999999999998
3.85
3.855
3.86
3.8649999999999998
3.87
3.875
3.88
3.885
3.89
3.895
3.9
3.905
3.91
3.915
3.92
3.925
3.93
3.935
3.94
3.945
3.95
3.955
3.96
3.965
3.97
3.975
3.98
3.985
3.9899999999999998
3.995
4.0
4.005
4.01
4.015
4.02
4.025
4.03
4.035
4.04
4.045
4.05
4.055
4.06
4.065
4.07
4.075
4.08
4.085
4.09
4.095
4.1
4.1049999999999995
4.11
4.115
4.12
4.125
4.13
4.135
4.14
4.145
4.15
4.155
4.16
4.165
4.17
4.175
4.18
4.185
4.19
4.195
4.2
4.205
4.21
4.215
4.22
4.225
4.2299999999999995
4.235
4.24
4.245
4.25
4.255
4.26
4.265
4.27
4.275
4.28
4.285
4.29
4.295
4.3
4.305
4.31
4.315
4.32
4.325
4.33
4.335
4.34
4.345
4.35
4.355
4.36
4.365
4.37
4.375
4.38
4.385
4.39
4.395
4.4
4.405
4.41
4.415
4.42
4.425
4.43
4.435
4.44
4.445
4.45
4.455
4.46
4.465
4.47
4.475
4.48
4.485
4.49
4.495
4.5
4.505
4.51
4.515
4.52
4.525
4.53
4.535
4.54
4.545
4.55
4.555
4.56
4.565
4.57
4.575
4.58
4.585
4.59
4.595
4.6
4.605
4.61
4.615
4.62
4.625
4.63
4.635
4.64
4.645
4.65
4.655
4.66
4.665
4.67
4.675
4.68
4.685
4.69
4.695
4.7
4.705
4.71
4.715
4.72
4.725
4.73
4.735
4.74
4.745
4.75
4.755
4.76
4.765
4.77
4.775
4.78
4.785
4.79
4.795
4.8
4.805
4.81
4.815
4.82
4.825
4.83
4.835
4.84
4.845
4.85
4.855
4.86
4.865
4.87
4.875
4.88
4.885
4.89
4.895
4.9
4.905
4.91
4.915
4.92
4.925
4.93
4.935
4.94
4.945
4.95
4.955
4.96
4.965
4.97
4.975
4.98
4.985
4.99
4.995
5.0
5.005
5.01
5.015
5.02
5.025
5.03
5.035
5.04
5.045
5.05
5.055
5.06
5.065
5.07
5.075
5.08
5.085
5.09
5.095
5.1
5.105
5.11
5.115
5.12
5.125
5.13
5.135
5.14
5.145
5.15
5.155
5.16
5.165
5.17
5.175
5.18
5.185
5.19
5.195
5.2
5.205
5.21
5.215
5.22
5.225
5.23
5.235
5.24
5.245
5.25
5.255
5.26
5.265
5.27
5.275
5.28
5.285
5.29
5.295
5.3
5.305
5.31
5.315
5.32
5.325
5.33
5.335
5.34
5.345
5.35
5.355
5.36
5.365
5.37
5.375
5.38
5.385
5.39
5.395
5.4
5.405
5.41
5.415
5.42
5.425
5.43
5.435
5.44
5.445
5.45
5.455
5.46
5.465
5.47
5.475
5.48
5.485
5.49
5.495
5.5
5.505
5.51
5.515
5.52
5.525
5.53
5.535
5.54
5.545
5.55
5.555
5.56
5.565
5.57
5.575
5.58
5.585
5.59
5.595
5.6
5.605
5.61
5.615
5.62
5.625
5.63
5.635
5.64
5.645
5.65
5.655
5.66
5.665
5.67
5.675
5.68
5.685
5.69
5.695
5.7
5.705
5.71
5.715
5.72
5.725
5.73
5.735
5.74
5.745
5.75
5.755
5.76
5.765
5.77
5.775
5.78
5.785
5.79
5.795
5.8
5.805
5.81
5.815
5.82
5.825
5.83
5.835
5.84
5.845
5.85
5.855
5.86
5.865
5.87
5.875
5.88
5.885
5.89
5.895
5.9
5.905
5.91
5.915
5.92
5.925
5.93
5.935
5.94
5.945
5.95
5.955
5.96
5.965
5.97
5.975
5.98
5.985
5.99
5.995
6.0
6.005
6.01
6.015
6.0200000000000005
6.025
6.03
6.035
6.04
6.045
6.05
6.055
6.06
6.065
6.07
6.075
6.08
6.085
6.09
6.095
6.1
6.105
6.11
6.115
6.12
6.125
6.13
6.135
6.14
6.1450000000000005
6.15
6.155
6.16
6.165
6.17
6.175
6.18
6.185
6.19
6.195
6.2
6.205
6.21
6.215
6.22
6.225
6.23
6.235
6.24
6.245
6.25
6.255
6.26
6.265
6.2700000000000005
6.275
6.28
6.285
6.29
6.295
6.3
6.305
6.31
6.315
6.32
6.325
6.33
6.335
6.34
6.345
6.35
6.355
6.36
6.365
6.37
6.375
6.38
6.385
6.39
6.3950000000000005
6.4
6.405
6.41
6.415
6.42
6.425
6.43
6.435
6.44
6.445
6.45
6.455
6.46
6.465
6.47
6.475
6.48
6.485
6.49
6.495
6.5
6.505
6.51
6.515
6.5200000000000005
6.525
6.53
6.535
6.54
6.545
6.55
6.555
6.56
6.565
6.57
6.575
6.58
6.585
6.59
6.595
6.6
6.605
6.61
6.615
6.62
6.625
6.63
6.635
6.64
6.6450000000000005
6.65
6.655
6.66
6.665
6.67
6.675
6.68
6.685
6.69
6.695
6.7
6.705
6.71
6.715
6.72
6.725
6.73
6.735
6.74
6.745
6.75
6.755
6.76
6.765
6.7700000000000005
6.775
6.78
6.785
6.79
6.795
6.8
6.805
6.81
6.815
6.82
6.825
6.83
6.835
6.84
6.845
6.85
6.855
6.86
6.865
6.87
6.875
6.88
6.885
6.89
6.8950000000000005
6.9
6.905
6.91
6.915
6.92
6.925
6.93
6.935
6.94
6.945
6.95
6.955
6.96
6.965
6.97
6.975
6.98
6.985
6.99
6.995
7.0
7.005
7.01
7.015
7.0200000000000005
7.025
7.03
7.035
7.04
7.045
7.05
7.055
7.06
7.065
7.07
7.075
7.08
7.085
7.09
7.095
7.1
7.105
7.11
7.115
7.12
7.125
7.13
7.135
7.14
7.1450000000000005
7.15
7.155
7.16
7.165
7.17
7.175
7.18
7.185
7.19
7.195
7.2
7.205
7.21
7.215
7.22
7.225
7.23
7.235
7.24
7.245
7.25
7.255
7.26
7.265
7.2700000000000005
7.275
7.28
7.285
7.29
7.295
7.3
7.305
7.31
7.315
7.32
7.325
7.33
7.335
7.34
7.345
7.35
7.355
7.36
7.365
7.37
7.375
7.38
7.385
7.39
7.3950000000000005
7.4
7.405
7.41
7.415
7.42
7.425
7.43
7.435
7.44
7.445
7.45
7.455
7.46
7.465
7.47
7.475
7.48
7.485
7.49
7.495
7.5
7.505
7.51
7.515
7.5200000000000005
7.525
7.53
7.535
7.54
7.545
7.55
7.555
7.56
7.565
7.57
7.575
7.58
7.585
7.59
7.595
7.6
7.605
7.61
7.615
7.62
7.625
7.63
7.635
7.64
7.6450000000000005
7.65
7.655
7.66
7.665
7.67
7.675
7.68
7.685
7.69
7.695
7.7
7.705
7.71
7.715
7.72
7.725
7.73
7.735
7.74
7.745
7.75
7.755
7.76
7.765
7.7700000000000005
7.775
7.78
7.785
7.79
7.795
7.8
7.805
7.8100000000000005
7.815
7.82
7.825
7.83
7.835
7.84
7.845
7.85
7.855
7.86
7.865
7.87
7.875
7.88
7.885
7.89
7.8950000000000005
7.9
7.905
7.91
7.915
7.92
7.925
7.93
7.9350000000000005
7.94
7.945
7.95
7.955
7.96
7.965
7.97
7.975
7.98
7.985
7.99
7.995
8.0
8.005
8.010000000000002
8.015
8.020000000000001
8.025
8.030000000000001
8.035
8.040000000000001
8.045000000000002
8.05
8.055000000000001
8.06
8.065000000000001
8.07
8.075000000000001
8.08
8.085
8.090000000000002
8.095
8.100000000000001
8.105
8.110000000000001
8.115
8.120000000000001
8.125000000000002
8.13
8.135000000000002
8.14
8.145000000000001
8.15
8.155000000000001
8.16
8.165000000000001
8.170000000000002
8.175
8.180000000000001
8.185
8.190000000000001
8.195
8.200000000000001
8.205
8.21
8.215000000000002
8.22
8.225000000000001
8.23
8.235000000000001
8.24
8.245000000000001
8.250000000000002
8.255
8.260000000000002
8.265
8.270000000000001
8.275
8.280000000000001
8.285
8.290000000000001
8.295000000000002
8.3
8.305000000000001
8.31
8.315000000000001
8.32
8.325000000000001
8.33
8.335
8.340000000000002
8.345
8.350000000000001
8.355
8.360000000000001
8.365
8.370000000000001
8.375000000000002
8.38
8.385000000000002
8.39
8.395000000000001
8.4
8.405000000000001
8.41
8.415000000000001
8.420000000000002
8.425
8.430000000000001
8.435
8.440000000000001
8.445
8.450000000000001
8.455
8.46
8.465000000000002
8.47
8.475000000000001
8.48
8.485000000000001
8.49
8.495000000000001
8.500000000000002
8.505
8.510000000000002
8.515
8.520000000000001
8.525
8.530000000000001
8.535
8.540000000000001
8.545000000000002
8.55
8.555000000000001
8.56
8.565000000000001
8.57
8.575000000000001
8.580000000000002
8.585
8.590000000000002
8.595
8.600000000000001
8.605
8.610000000000001
8.615
8.620000000000001
8.625000000000002
8.63
8.635000000000002
8.64
8.645000000000001
8.65
8.655000000000001
8.66
8.665000000000001
8.670000000000002
8.675
8.680000000000001
8.685
8.690000000000001
8.695
8.700000000000001
8.705000000000002
8.71
8.715000000000002
8.72
8.725000000000001
8.73
8.735000000000001
8.74
8.745000000000001
8.750000000000002
8.755
8.760000000000002
8.765
8.770000000000001
8.775
8.780000000000001
8.785
8.790000000000001
8.795000000000002
8.8
8.805000000000001
8.81
8.815000000000001
8.82
8.825000000000001
8.830000000000002
8.835
8.840000000000002
8.845
8.850000000000001
8.855
8.860000000000001
8.865
8.870000000000001
8.875000000000002
8.88
8.885000000000002
8.89
8.895000000000001
8.9
8.905000000000001
8.91
8.915000000000001
8.920000000000002
8.925
8.930000000000001
8.935
8.940000000000001
8.945
8.950000000000001
8.955000000000002
8.96
8.965000000000002
8.97
8.975000000000001
8.98
8.985000000000001
8.99
8.995000000000001
9.000000000000002
9.005
9.010000000000002
9.015
9.020000000000001
9.025
9.030000000000001
9.035
9.040000000000001
9.045000000000002
9.05
9.055000000000001
9.06
9.065000000000001
9.07
9.075000000000001
9.080000000000002
9.085
9.090000000000002
9.095
9.100000000000001
9.105
9.110000000000001
9.115
9.120000000000001
9.125000000000002
9.13
9.135000000000002
9.14
9.145000000000001
9.15
9.155000000000001
9.16
9.165000000000001
9.170000000000002
9.175
9.180000000000001
9.185
9.190000000000001
9.195
9.200000000000001
9.205000000000002
9.21
9.215000000000002
9.22
9.225000000000001
9.23
9.235000000000001
9.24
9.245000000000001
9.250000000000002
9.255
9.260000000000002
9.265
9.270000000000001
9.275
9.280000000000001
9.285
9.290000000000001
9.295000000000002
9.3
9.305000000000001
9.31
9.315000000000001
9.32
9.325000000000001
9.330000000000002
9.335
9.340000000000002
9.345
9.350000000000001
9.355
9.360000000000001
9.365
9.370000000000001
9.375000000000002
9.38
9.385000000000002
9.39
9.395000000000001
9.4
9.405000000000001
9.41
9.415000000000001
9.420000000000002
9.425
9.430000000000001
9.435
9.440000000000001
9.445
9.450000000000001
9.455000000000002
9.46
9.465000000000002
9.47
9.475000000000001
9.48
9.485000000000001
9.49
9.495000000000001
9.500000000000002
9.505
9.510000000000002
9.515
9.520000000000001
9.525
9.530000000000001
9.535
9.540000000000001
9.545000000000002
9.55
9.555000000000001
9.56
9.565000000000001
9.57
9.575000000000001
9.580000000000002
9.585
9.590000000000002
9.595
9.600000000000001
9.605
9.610000000000001
9.615
9.620000000000001
9.625000000000002
9.63
9.635000000000002
9.64
9.645000000000001
9.65
9.655000000000001
9.66
9.665000000000001
9.670000000000002
9.675
9.680000000000001
9.685
9.690000000000001
9.695
9.700000000000001
9.705000000000002
9.71
9.715000000000002
9.72
9.725000000000001
9.73
9.735000000000001
9.74
9.745000000000001
9.750000000000002
9.755
9.760000000000002
9.765
9.770000000000001
9.775
9.780000000000001
9.785
9.790000000000001
9.795000000000002
9.8
9.805000000000001
9.81
9.815000000000001
9.82
9.825000000000001
9.830000000000002
9.835
9.840000000000002
9.845
9.850000000000001
9.855
9.860000000000001
9.865
9.870000000000001
9.875000000000002
9.88
9.885000000000002
9.89
9.895000000000001
9.9
9.905000000000001
9.91
9.915000000000001
9.920000000000002
9.925
9.930000000000001
9.935
9.940000000000001
9.945
9.950000000000001
9.955000000000002
9.96
9.965000000000002
9.97
9.975000000000001
9.98
9.985000000000001
9.99
9.995000000000001
10.000000000000002
10.005
10.010000000000002
10.015
10.020000000000001
10.025
10.030000000000001
10.035
10.040000000000001
10.045000000000002
10.05
10.055000000000001
10.06
10.065000000000001
10.07
10.075000000000001
10.080000000000002
10.085
10.090000000000002
10.095
10.100000000000001
10.105
10.110000000000001
10.115
10.120000000000001
10.125000000000002
10.13
10.135000000000002
10.14
10.145000000000001
10.15
10.155000000000001
10.16
10.165000000000001
10.170000000000002
10.175
10.180000000000001
10.185
10.190000000000001
10.195
10.200000000000001
10.205000000000002
10.21
10.215000000000002
10.22
10.225000000000001
10.23
10.235000000000001
10.24
10.245000000000001
10.250000000000002
10.255
10.260000000000002
10.265
10.270000000000001
10.275
10.280000000000001
10.285
10.290000000000001
10.295000000000002
10.3
10.305000000000001
10.31
10.315000000000001
10.32
10.325000000000001
10.330000000000002
10.335
10.340000000000002
10.345
10.350000000000001
10.355
10.360000000000001
10.365
10.370000000000001
10.375000000000002
10.38
10.385000000000002
10.39
10.395000000000001
10.4
10.405000000000001
10.41
10.415000000000001
10.420000000000002
10.425
10.430000000000001
10.435
10.440000000000001
10.445
10.450000000000001
10.455000000000002
10.46
10.465000000000002
10.47
10.475000000000001
10.48
10.485000000000001
10.49
10.495000000000001
10.500000000000002
10.505
10.510000000000002
10.515
10.520000000000001
10.525
10.530000000000001
10.535
10.540000000000001
10.545000000000002
10.55
10.555000000000001
10.56
10.565000000000001
10.57
10.575000000000001
10.580000000000002
10.585
10.590000000000002
10.595
10.600000000000001
10.605
10.610000000000001
10.615
10.620000000000001
10.625000000000002
10.63
10.635000000000002
10.64
10.645000000000001
10.65
10.655000000000001
10.66
10.665000000000001
10.670000000000002
10.675
10.680000000000001
10.685
10.690000000000001
10.695
10.700000000000001
10.705000000000002
10.71
10.715000000000002
10.72
10.725000000000001
10.73
10.735000000000001
10.74
10.745000000000001
10.750000000000002
10.755
10.760000000000002
10.765
10.770000000000001
10.775
10.780000000000001
10.785
10.790000000000001
10.795000000000002
10.8
10.805000000000001
10.81
10.815000000000001
10.82
10.825000000000001
10.830000000000002
10.835
10.840000000000002
10.845
10.850000000000001
10.855
10.860000000000001
10.865
10.870000000000001
10.875000000000002
10.88
10.885000000000002
10.89
10.895000000000001
10.9
10.905000000000001
10.91
10.915000000000001
10.920000000000002
10.925
10.930000000000001
10.935
10.940000000000001
10.945
10.950000000000001
10.955000000000002
10.96
10.965000000000002
10.97
10.975000000000001
10.98
10.985000000000001
10.99
10.995000000000001
11.000000000000002
11.005
11.010000000000002
11.015
11.020000000000001
11.025
11.030000000000001
11.035
11.040000000000001
11.045000000000002
11.05
11.055000000000001
11.06
11.065000000000001
11.07
11.075000000000001
11.080000000000002
11.085
11.090000000000002
11.095
11.100000000000001
11.105
11.110000000000001
11.115
11.120000000000001
11.125000000000002
11.13
11.135000000000002
11.14
11.145000000000001
11.15
11.155000000000001
11.16
11.165000000000001
11.170000000000002
11.175
11.180000000000001
11.185
11.190000000000001
11.195
11.200000000000001
11.205000000000002
11.21
11.215000000000002
11.22
11.225000000000001
11.23
11.235000000000001
11.24
11.245000000000001
11.250000000000002
11.255
11.260000000000002
11.265
11.270000000000001
11.275
11.280000000000001
11.285
11.290000000000001
11.295000000000002
11.3
11.305000000000001
11.31
11.315000000000001
11.32
11.325000000000001
11.330000000000002
11.335
11.340000000000002
11.345
11.350000000000001
11.355
11.360000000000001
11.365
11.370000000000001
11.375000000000002
11.38
11.385000000000002
11.39
11.395000000000001
11.4
11.405000000000001
11.41
11.415000000000001
11.420000000000002
11.425
11.430000000000001
11.435
11.440000000000001
11.445
11.450000000000001
11.455000000000002
11.46
11.465000000000002
11.47
11.475000000000001
11.48
11.485000000000001
11.49
11.495000000000001
11.500000000000002
11.505
11.510000000000002
11.515
11.520000000000001
11.525
11.530000000000001
11.535
11.540000000000001
11.545000000000002
11.55
11.555000000000001
11.56
11.565000000000001
11.57
11.575000000000001
11.580000000000002
11.585
11.590000000000002
11.595
11.600000000000001
11.605
11.610000000000001
11.615
11.620000000000001
11.625000000000002
11.63
11.635000000000002
11.64
11.645000000000001
11.65
11.655000000000001
11.66
11.665000000000001
11.670000000000002
11.675
11.680000000000001
11.685
11.690000000000001
11.695
11.700000000000001
11.705000000000002
11.71
11.715000000000002
11.72
11.725000000000001
11.73
11.735000000000001
11.74
11.745000000000001
11.750000000000002
11.755
11.760000000000002
11.765
11.770000000000001
11.775
11.780000000000001
11.785
11.790000000000001
11.795000000000002
11.8
11.805000000000001
11.81
11.815000000000001
11.82
11.825000000000001
11.830000000000002
11.835
11.840000000000002
11.845
11.850000000000001
11.855
11.860000000000001
11.865
11.870000000000001
11.875000000000002
11.88
11.885000000000002
11.89
11.895000000000001
11.9
11.905000000000001
11.91
11.915000000000001
11.920000000000002
11.925
11.930000000000001
11.935
11.940000000000001
11.945
11.950000000000001
11.955000000000002
11.96
11.965000000000002
11.97
11.975000000000001
11.98
11.985000000000001
11.99
11.995000000000001
12.000000000000002
12.005
12.010000000000002
12.015
12.020000000000001
12.025
12.030000000000001
12.035000000000002
12.040000000000001
12.045000000000002
12.05
12.055000000000001
12.06
12.065000000000001
12.07
12.075000000000001
12.080000000000002
12.085
12.090000000000002
12.095
12.100000000000001
12.105
12.110000000000001
12.115
12.120000000000001
12.125000000000002
12.13
12.135000000000002
12.14
12.145000000000001
12.15
12.155000000000001
12.160000000000002
12.165000000000001
12.170000000000002
12.175
12.180000000000001
12.185
12.190000000000001
12.195
12.200000000000001
12.205000000000002
12.21
12.215000000000002
12.22
12.225000000000001
12.23
12.235000000000001
12.24
12.245000000000001
12.250000000000002
12.255
12.260000000000002
12.265
12.270000000000001
12.275
12.280000000000001
12.285000000000002
12.290000000000001
12.295000000000002
12.3
12.305000000000001
12.31
12.315000000000001
12.32
12.325000000000001
12.330000000000002
12.335
12.340000000000002
12.345
12.350000000000001
12.355
12.360000000000001
12.365
12.370000000000001
12.375000000000002
12.38
12.385000000000002
12.39
12.395000000000001
12.4
12.405000000000001
12.410000000000002
12.415000000000001
12.420000000000002
12.425
12.430000000000001
12.435
12.440000000000001
12.445
12.450000000000001
12.455000000000002
12.46
12.465000000000002
12.47
12.475000000000001
12.48
12.485000000000001
12.49
12.495000000000001
12.500000000000002
12.505
12.510000000000002
12.515
12.520000000000001
12.525
12.530000000000001
12.535000000000002
12.540000000000001
12.545000000000002
12.55
12.555000000000001
12.56
12.565000000000001
12.57
12.575000000000001
12.580000000000002
12.585
12.590000000000002
12.595
12.600000000000001
12.605
12.610000000000001
12.615
12.620000000000001
12.625000000000002
12.63
12.635000000000002
12.64
12.645000000000001
12.65
12.655000000000001
12.660000000000002
12.665000000000001
12.670000000000002
12.675
12.680000000000001
12.685
12.690000000000001
12.695
12.700000000000001
12.705000000000002
12.71
12.715000000000002
12.72
12.725000000000001
12.73
12.735000000000001
12.74
12.745000000000001
12.750000000000002
12.755
12.760000000000002
12.765
12.770000000000001
12.775
12.780000000000001
12.785000000000002
12.790000000000001
12.795000000000002
12.8
12.805000000000001
12.81
12.815000000000001
12.82
12.825000000000001
12.830000000000002
12.835
12.840000000000002
12.845
12.850000000000001
12.855
12.860000000000001
12.865
12.870000000000001
12.875000000000002
12.88
12.885000000000002
12.89
12.895000000000001
12.9
12.905000000000001
12.910000000000002
12.915000000000001
12.920000000000002
12.925
12.930000000000001
12.935
12.940000000000001
12.945
12.950000000000001
12.955000000000002
12.96
12.965000000000002
12.97
12.975000000000001
12.98
12.985000000000001
12.99
12.995000000000001
13.000000000000002
13.005
13.010000000000002
13.015
13.020000000000001
13.025
13.030000000000001
13.035000000000002
13.040000000000001
13.045000000000002
13.05
13.055000000000001
13.06
13.065000000000001
13.07
13.075000000000001
13.080000000000002
13.085
13.090000000000002
13.095
13.100000000000001
13.105
13.110000000000001
13.115
13.120000000000001
13.125000000000002
13.13
13.135000000000002
13.14
13.145000000000001
13.15
13.155000000000001
13.160000000000002
13.165000000000001
13.170000000000002
13.175
13.180000000000001
13.185
13.190000000000001
13.195
13.200000000000001
13.205000000000002
13.21
13.215000000000002
13.22
13.225000000000001
13.23
13.235000000000001
13.24
13.245000000000001
13.250000000000002
13.255
13.260000000000002
13.265
13.270000000000001
13.275
13.280000000000001
13.285000000000002
13.290000000000001
13.295000000000002
13.3
13.305000000000001
13.31
13.315000000000001
13.32
13.325000000000001
13.330000000000002
13.335
13.340000000000002
13.345
13.350000000000001
13.355
13.360000000000001
13.365
13.370000000000001
13.375000000000002
13.38
13.385000000000002
13.39
13.395000000000001
13.4
13.405000000000001
13.410000000000002
13.415000000000001
13.420000000000002
13.425
13.430000000000001
13.435
13.440000000000001
13.445
13.450000000000001
13.455000000000002
13.46
13.465000000000002
13.47
13.475000000000001
13.48
13.485000000000001
13.49
13.495000000000001
13.500000000000002
13.505
13.510000000000002
13.515
13.520000000000001
13.525
13.530000000000001
13.535000000000002
13.540000000000001
13.545000000000002
13.55
13.555000000000001
13.56
13.565000000000001
13.57
13.575000000000001
13.580000000000002
13.585
13.590000000000002
13.595
13.600000000000001
13.605
13.610000000000001
13.615
13.620000000000001
13.625000000000002
13.63
13.635000000000002
13.64
13.645000000000001
13.65
13.655000000000001
13.660000000000002
13.665000000000001
13.670000000000002
13.675
13.680000000000001
13.685
13.690000000000001
13.695
13.700000000000001
13.705000000000002
13.71
13.715000000000002
13.72
13.725000000000001
13.73
13.735000000000001
13.74
13.745000000000001
13.750000000000002
13.755
13.760000000000002
13.765
13.770000000000001
13.775
13.780000000000001
13.785000000000002
13.790000000000001
13.795000000000002
13.8
13.805000000000001
13.81
13.815000000000001
13.82
13.825000000000001
13.830000000000002
13.835
13.840000000000002
13.845
13.850000000000001
13.855
13.860000000000001
13.865
13.870000000000001
13.875000000000002
13.88
13.885000000000002
13.89
13.895000000000001
13.9
13.905000000000001
13.910000000000002
13.915000000000001
13.920000000000002
13.925
13.930000000000001
13.935
13.940000000000001
13.945
13.950000000000001
13.955000000000002
13.96
13.965000000000002
13.97
13.975000000000001
13.98
13.985000000000001
13.99
13.995000000000001
14.000000000000002
14.005
14.010000000000002
14.015
14.020000000000001
14.025
14.030000000000001
14.035000000000002
14.040000000000001
14.045000000000002
14.05
14.055000000000001
14.06
14.065000000000001
14.07
14.075000000000001
14.080000000000002
14.085
14.090000000000002
14.095
14.100000000000001
14.105
14.110000000000001
14.115
14.120000000000001
14.125000000000002
14.13
14.135000000000002
14.14
14.145000000000001
14.15
14.155000000000001
14.160000000000002
14.165000000000001
14.170000000000002
14.175
14.180000000000001
14.185
14.190000000000001
14.195
14.200000000000001
14.205000000000002
14.21
14.215000000000002
14.22
14.225000000000001
14.23
14.235000000000001
14.24
14.245000000000001
14.250000000000002
14.255
14.260000000000002
14.265
14.270000000000001
14.275
14.280000000000001
14.285000000000002
14.290000000000001
14.295000000000002
14.3
14.305000000000001
14.31
14.315000000000001
14.32
14.325000000000001
14.330000000000002
14.335
14.340000000000002
14.345
14.350000000000001
14.355
14.360000000000001
14.365
14.370000000000001
14.375000000000002
14.38
14.385000000000002
14.39
14.395000000000001
14.4
14.405000000000001
14.410000000000002
14.415000000000001
14.420000000000002
14.425
14.430000000000001
14.435
14.440000000000001
14.445
14.450000000000001
14.455000000000002
14.46
14.465000000000002
14.47
14.475000000000001
14.48
14.485000000000001
14.49
14.495000000000001
14.500000000000002
14.505
14.510000000000002
14.515
14.520000000000001
14.525
14.530000000000001
14.535000000000002
14.540000000000001
14.545000000000002
14.55
14.555000000000001
14.56
14.565000000000001
14.57
14.575000000000001
14.580000000000002
14.585
14.590000000000002
14.595
14.600000000000001
14.605
14.610000000000001
14.615
14.620000000000001
14.625000000000002
14.63
14.635000000000002
14.64
14.645000000000001
14.65
14.655000000000001
14.660000000000002
14.665000000000001
14.670000000000002
14.675
14.680000000000001
14.685
14.690000000000001
14.695
14.700000000000001
14.705000000000002
14.71
14.715000000000002
14.72
14.725000000000001
14.73
14.735000000000001
14.74
14.745000000000001
14.750000000000002
14.755
14.760000000000002
14.765
14.770000000000001
14.775
14.780000000000001
14.785000000000002
14.790000000000001
14.795000000000002
14.8
14.805000000000001
14.81
14.815000000000001
14.82
14.825000000000001
14.830000000000002
14.835
14.840000000000002
14.845
14.850000000000001
14.855
14.860000000000001
14.865
14.870000000000001
14.875000000000002
14.88
14.885000000000002
14.89
14.895000000000001
14.9
14.905000000000001
14.910000000000002
14.915000000000001
14.920000000000002
14.925
14.930000000000001
14.935
14.940000000000001
14.945
14.950000000000001
14.955000000000002
14.96
14.965000000000002
14.97
14.975000000000001
14.98
14.985000000000001
14.99
14.995000000000001
15.000000000000002
15.005
15.010000000000002
15.015
15.020000000000001
15.025
15.030000000000001
15.035000000000002
15.040000000000001
15.045000000000002
15.05
15.055000000000001
15.06
15.065000000000001
15.07
15.075000000000001
15.080000000000002
15.085
15.090000000000002
15.095
15.100000000000001
15.105
15.110000000000001
15.115
15.120000000000001
15.125000000000002
15.13
15.135000000000002
15.14
15.145000000000001
15.15
15.155000000000001
15.160000000000002
15.165000000000001
15.170000000000002
15.175
15.180000000000001
15.185
15.190000000000001
15.195
15.200000000000001
15.205000000000002
15.21
15.215000000000002
15.22
15.225000000000001
15.23
15.235000000000001
15.24
15.245000000000001
15.250000000000002
15.255
15.260000000000002
15.265
15.270000000000001
15.275
15.280000000000001
15.285000000000002
15.290000000000001
15.295000000000002
15.3
15.305000000000001
15.31
15.315000000000001
15.32
15.325000000000001
15.330000000000002
15.335
15.340000000000002
15.345
15.350000000000001
15.355
15.360000000000001
15.365
15.370000000000001
15.375000000000002
15.38
15.385000000000002
15.39
15.395000000000001
15.4
15.405000000000001
15.410000000000002
15.415000000000001
15.420000000000002
15.425
15.430000000000001
15.435
15.440000000000001
15.445
15.450000000000001
15.455000000000002
15.46
15.465000000000002
15.47
15.475000000000001
15.48
15.485000000000001
15.490000000000002
15.495000000000001
15.500000000000002
15.505
15.510000000000002
15.515
15.520000000000001
15.525
15.530000000000001
15.535000000000002
15.540000000000001
15.545000000000002
15.55
15.555000000000001
15.56
15.565000000000001
15.57
15.575000000000001
15.580000000000002
15.585
15.590000000000002
15.595
15.600000000000001
15.605
15.610000000000001
15.615000000000002
15.620000000000001
15.625000000000002
15.63
15.635000000000002
15.64
15.645000000000001
15.65
15.655000000000001
15.660000000000002
15.665000000000001
15.670000000000002
15.675
15.680000000000001
15.685
15.690000000000001
15.695
15.700000000000001
15.705000000000002
15.71
15.715000000000002
15.72
15.725000000000001
15.73
15.735000000000001
15.740000000000002
15.745000000000001
15.750000000000002
15.755
15.760000000000002
15.765
15.770000000000001
15.775
15.780000000000001
15.785000000000002
15.790000000000001
15.795000000000002
15.8
15.805000000000001
15.81
15.815000000000001
15.82
15.825000000000001
15.830000000000002
15.835
15.840000000000002
15.845
15.850000000000001
15.855
15.860000000000001
15.865000000000002
15.870000000000001
15.875000000000002
15.88
15.885000000000002
15.89
15.895000000000001
15.9
15.905000000000001
15.910000000000002
15.915000000000001
15.920000000000002
15.925
15.930000000000001
15.935
15.940000000000001
15.945
15.950000000000001
15.955000000000002
15.96
15.965000000000002
15.97
15.975000000000001
15.98
15.985000000000001
15.990000000000002
15.995000000000001
16.0
16.005
16.009999999999998
16.015
16.02
16.025
16.029999999999998
16.035
16.04
16.044999999999998
16.05
16.055
16.06
16.064999999999998
16.07
16.075
16.08
16.085
16.09
16.095
16.099999999999998
16.105
16.11
16.115
16.12
16.125
16.13
16.134999999999998
16.14
16.145
16.15
16.154999999999998
16.16
16.165
16.169999999999998
16.175
16.18
16.185
16.189999999999998
16.195
16.2
16.205
16.21
16.215
16.22
16.224999999999998
16.23
16.235
16.24
16.245
16.25
16.255
16.259999999999998
16.265
16.27
16.275
16.279999999999998
16.285
16.29
16.294999999999998
16.3
16.305
16.31
16.314999999999998
16.32
16.325
16.33
16.335
16.34
16.345
16.349999999999998
16.355
16.36
16.365
16.37
16.375
16.38
16.384999999999998
16.39
16.395
16.4
16.404999999999998
16.41
16.415
16.419999999999998
16.425
16.43
16.435
16.439999999999998
16.445
16.45
16.455
16.46
16.465
16.47
16.474999999999998
16.48
16.485
16.49
16.495
16.5
16.505
16.509999999999998
16.515
16.52
16.525
16.529999999999998
16.535
16.54
16.544999999999998
16.55
16.555
16.56
16.564999999999998
16.57
16.575
16.58
16.585
16.59
16.595
16.599999999999998
16.605
16.61
16.615
16.62
16.625
16.63
16.634999999999998
16.64
16.645
16.65
16.654999999999998
16.66
16.665
16.669999999999998
16.675
16.68
16.685
16.689999999999998
16.695
16.7
16.705
16.71
16.715
16.72
16.724999999999998
16.73
16.735
16.74
16.745
16.75
16.755
16.759999999999998
16.765
16.77
16.775
16.779999999999998
16.785
16.79
16.794999999999998
16.8
16.805
16.81
16.814999999999998
16.82
16.825
16.83
16.835
16.84
16.845
16.849999999999998
16.855
16.86
16.865
16.87
16.875
16.88
16.884999999999998
16.89
16.895
16.9
16.904999999999998
16.91
16.915
16.919999999999998
16.925
16.93
16.935
16.939999999999998
16.945
16.95
16.955
16.96
16.965
16.97
16.974999999999998
16.98
16.985
16.99
16.995
17.0
17.005
17.009999999999998
17.015
17.02
17.025
17.029999999999998
17.035
17.04
17.044999999999998
17.05
17.055
17.06
17.064999999999998
17.07
17.075
17.08
17.085
17.09
17.095
17.099999999999998
17.105
17.11
17.115
17.12
17.125
17.13
17.134999999999998
17.14
17.145
17.15
17.155
17.16
17.165
17.169999999999998
17.175
17.18
17.185
17.189999999999998
17.195
17.2
17.205
17.21
17.215
17.22
17.224999999999998
17.23
17.235
17.24
17.245
17.25
17.255
17.259999999999998
17.265
17.27
17.275
17.28
17.285
17.29
17.294999999999998
17.3
17.305
17.31
17.314999999999998
17.32
17.325
17.33
17.335
17.34
17.345
17.349999999999998
17.355
17.36
17.365
17.37
17.375
17.38
17.384999999999998
17.39
17.395
17.4
17.405
17.41
17.415
17.419999999999998
17.425
17.43
17.435
17.439999999999998
17.445
17.45
17.455
17.46
17.465
17.47
17.474999999999998
17.48
17.485
17.49
17.495
17.5
17.505
17.509999999999998
17.515
17.52
17.525
17.53
17.535
17.54
17.544999999999998
17.55
17.555
17.56
17.564999999999998
17.57
17.575
17.58
17.585
17.59
17.595
17.599999999999998
17.605
17.61
17.615
17.62
17.625
17.63
17.634999999999998
17.64
17.645
17.65
17.655
17.66
17.665
17.669999999999998
17.675
17.68
17.685
17.689999999999998
17.695
17.7
17.705
17.71
17.715
17.72
17.724999999999998
17.73
17.735
17.74
17.745
17.75
17.755
17.759999999999998
17.765
17.77
17.775
17.78
17.785
17.79
17.794999999999998
17.8
17.805
17.81
17.814999999999998
17.82
17.825
17.83
17.835
17.84
17.845
17.849999999999998
17.855
17.86
17.865
17.87
17.875
17.88
17.884999999999998
17.89
17.895
17.9
17.905
17.91
17.915
17.919999999999998
17.925
17.93
17.935
17.939999999999998
17.945
17.95
17.955
17.96
17.965
17.97
17.974999999999998
17.98
17.985
17.99
17.995
18.0
18.005
18.009999999999998
18.015
18.02
18.025
18.03
18.035
18.04
18.044999999999998
18.05
18.055
18.06
18.064999999999998
18.07
18.075
18.08
18.085
18.09
18.095
18.099999999999998
18.105
18.11
18.115
18.12
18.125
18.13
18.134999999999998
18.14
18.145
18.15
18.155
18.16
18.165
18.169999999999998
18.175
18.18
18.185
18.189999999999998
18.195
18.2
18.205
18.21
18.215
18.22
18.224999999999998
18.23
18.235
18.24
18.245
18.25
18.255
18.259999999999998
18.265
18.27
18.275
18.28
18.285
18.29
18.294999999999998
18.3
18.305
18.31
18.314999999999998
18.32
18.325
18.33
18.335
18.34
18.345
18.349999999999998
18.355
18.36
18.365
18.37
18.375
18.38
18.384999999999998
18.39
18.395
18.4
18.405
18.41
18.415
18.419999999999998
18.425
18.43
18.435
18.439999999999998
18.445
18.45
18.455
18.46
18.465
18.47
18.474999999999998
18.48
18.485
18.49
18.495
18.5
18.505
18.509999999999998
18.515
18.52
18.525
18.53
18.535
18.54
18.544999999999998
18.55
18.555
18.56
18.564999999999998
18.57
18.575
18.58
18.585
18.59
18.595
18.599999999999998
18.605
18.61
18.615
18.62
18.625
18.63
18.634999999999998
18.64
18.645
18.65
18.655
18.66
18.665
18.669999999999998
18.675
18.68
18.685
18.689999999999998
18.695
18.7
18.705
18.71
18.715
18.72
18.724999999999998
18.73
18.735
18.74
18.745
18.75
18.755
18.759999999999998
18.765
18.77
18.775
18.78
18.785
18.79
18.794999999999998
18.8
18.805
18.81
18.814999999999998
18.82
18.825
18.83
18.835
18.84
18.845
18.849999999999998
18.855
18.86
18.865
18.87
18.875
18.88
18.884999999999998
18.89
18.895
18.9
18.905
18.91
18.915
18.919999999999998
18.925
18.93
18.935
18.939999999999998
18.945
18.95
18.955
18.96
18.965
18.97
18.974999999999998
18.98
18.985
18.99
18.995
19.0
19.005
19.009999999999998
19.015
19.02
19.025
19.03
19.035
19.04
19.044999999999998
19.05
19.055
19.06
19.064999999999998
19.07
19.075
19.08
19.085
19.09
19.095
19.099999999999998
19.105
19.11
19.115
19.12
19.125
19.13
19.134999999999998
19.14
19.145
19.15
19.155
19.16
19.165
19.169999999999998
19.175
19.18
19.185
19.189999999999998
19.195
19.2
19.205
19.21
19.215
19.22
19.224999999999998
19.23
19.235
19.24
19.245
19.25
19.255
19.259999999999998
19.265
19.27
19.275
19.28
19.285
19.29
19.294999999999998
19.3
19.305
19.31
19.314999999999998
19.32
19.325
19.33
19.335
19.34
19.345
19.349999999999998
19.355
19.36
19.365
19.37
19.375
19.38
19.384999999999998
19.39
19.395
19.4
19.405
19.41
19.415
19.419999999999998
19.425
19.43
19.435
19.439999999999998
19.445
19.45
19.455
19.46
19.465
19.47
19.474999999999998
19.48
19.485
19.49
19.495
19.5
19.505
19.509999999999998
19.515
19.52
19.525
19.53
19.535
19.54
19.544999999999998
19.55
19.555
19.56
19.564999999999998
19.57
19.575
19.58
19.585
19.59
19.595
19.599999999999998
19.605
19.61
19.615
19.62
19.625
19.63
19.634999999999998
19.64
19.645
19.65
19.655
19.66
19.665
19.669999999999998
19.675
19.68
19.685
19.689999999999998
19.695
19.7
19.705
19.71
19.715
19.72
19.724999999999998
19.73
19.735
19.74
19.745
19.75
19.755
19.759999999999998
19.765
19.77
19.775
19.78
19.785
19.79
19.794999999999998
19.8
19.805
19.81
19.814999999999998
19.82
19.825
19.83
19.835
19.84
19.845
19.849999999999998
19.855
19.86
19.865
19.87
19.875
19.88
19.884999999999998
19.89
19.895
19.9
19.905
19.91
19.915
19.919999999999998
19.925
19.93
19.935
19.939999999999998
19.945
19.95
19.955
19.96
19.965
19.97
19.974999999999998
19.98
19.985
19.99
19.995
20.0
20.005
20.009999999999998
20.015
20.02
20.025
20.03
20.035
20.04
20.044999999999998
20.05
20.055
20.06
20.064999999999998
20.07
20.075
20.08
20.085
20.09
20.095
20.099999999999998
20.105
20.11
20.115
20.12
20.125
20.13
20.134999999999998
20.14
20.145
20.15
20.155
20.16
20.165
20.169999999999998
20.175
20.18
20.185
20.189999999999998
20.195
20.2
20.205
20.21
20.215
20.22
20.224999999999998
20.23
20.235
20.24
20.245
20.25
20.255
20.259999999999998
20.265
20.27
20.275
20.28
20.285
20.29
20.294999999999998
20.3
20.305
20.31
20.314999999999998
20.32
20.325
20.33
20.335
20.34
20.345
20.349999999999998
20.355
20.36
20.365
20.37
20.375
20.38
20.384999999999998
20.39
20.395
20.4
20.405
20.41
20.415
20.419999999999998
20.425
20.43
20.435
20.439999999999998
20.445
20.45
20.455
20.46
20.465
20.47
20.474999999999998
20.48
20.485
20.49
20.495
20.5
20.505
20.509999999999998
20.515
20.52
20.525
20.53
20.535
20.54
20.544999999999998
20.55
20.555
20.56
20.564999999999998
20.57
20.575
20.58
20.585
20.59
20.595
20.599999999999998
20.605
20.61
20.615
20.62
20.625
20.63
20.634999999999998
20.64
20.645
20.65
20.655
20.66
20.665
20.669999999999998
20.675
20.68
20.685
20.689999999999998
20.695
20.7
20.705
20.71
20.715
20.72
20.724999999999998
20.73
20.735
20.74
20.745
20.75
20.755
20.759999999999998
20.765
20.77
20.775
20.78
20.785
20.79
20.794999999999998
20.8
20.805
20.81
20.814999999999998
20.82
20.825
20.83
20.835
20.84
20.845
20.849999999999998
20.855
20.86
20.865
20.87
20.875
20.88
20.884999999999998
20.89
20.895
20.9
20.905
20.91
20.915
20.919999999999998
20.925
20.93
20.935
20.939999999999998
20.945
20.95
20.955
20.96
20.965
20.97
20.974999999999998
20.98
20.985
20.99
20.995
21.0
21.005
21.009999999999998
21.015
21.02
21.025
21.03
21.035
21.04
21.044999999999998
21.05
21.055
21.06
21.064999999999998
21.07
21.075
21.08
21.085
21.09
21.095
21.099999999999998
21.105
21.11
21.115
21.12
21.125
21.13
21.134999999999998
21.14
21.145
21.15
21.155
21.16
21.165
21.169999999999998
21.175
21.18
21.185
21.189999999999998
21.195
21.2
21.205
21.21
21.215
21.22
21.224999999999998
21.23
21.235
21.24
21.245
21.25
21.255
21.259999999999998
21.265
21.27
21.275
21.28
21.285
21.29
21.294999999999998
21.3
21.305
21.31
21.314999999999998
21.32
21.325
21.33
21.335
21.34
21.345
21.349999999999998
21.355
21.36
21.365
21.37
21.375
21.38
21.384999999999998
21.39
21.395
21.4
21.405
21.41
21.415
21.419999999999998
21.425
21.43
21.435
21.439999999999998
21.445
21.45
21.455
21.46
21.465
21.47
21.474999999999998
21.48
21.485
21.49
21.495
21.5
21.505
21.509999999999998
21.515
21.52
21.525
21.53
21.535
21.54
21.544999999999998
21.55
21.555
21.56
21.564999999999998
21.57
21.575
21.58
21.585
21.59
21.595
21.599999999999998
21.605
21.61
21.615
21.62
21.625
21.63
21.634999999999998
21.64
21.645
21.65
21.655
21.66
21.665
21.669999999999998
21.675
21.68
21.685
21.689999999999998
21.695
21.7
21.705
21.71
21.715
21.72
21.724999999999998
21.73
21.735
21.74
21.745
21.75
21.755
21.759999999999998
21.765
21.77
21.775
21.78
21.785
21.79
21.794999999999998
21.8
21.805
21.81
21.814999999999998
21.82
21.825
21.83
21.835
21.84
21.845
21.849999999999998
21.855
21.86
21.865
21.87
21.875
21.88
21.884999999999998
21.89
21.895
21.9
21.905
21.91
21.915
21.919999999999998
21.925
21.93
21.935
21.939999999999998
21.945
21.95
21.955
21.96
21.965
21.97
21.974999999999998
21.98
21.985
21.99
21.995
22.0
22.005
22.009999999999998
22.015
22.02
22.025
22.03
22.035
22.04
22.044999999999998
22.05
22.055
22.06
22.064999999999998
22.07
22.075
22.08
22.085
22.09
22.095
22.099999999999998
22.105
22.11
22.115
22.12
22.125
22.13
22.134999999999998
22.14
22.145
22.15
22.155
22.16
22.165
22.169999999999998
22.175
22.18
22.185
22.189999999999998
22.195
22.2
22.205
22.21
22.215
22.22
22.224999999999998
22.23
22.235
22.24
22.245
22.25
22.255
22.259999999999998
22.265
22.27
22.275
22.28
22.285
22.29
22.294999999999998
22.3
22.305
22.31
22.314999999999998
22.32
22.325
22.33
22.335
22.34
22.345
22.349999999999998
22.355
22.36
22.365
22.37
22.375
22.38
22.384999999999998
22.39
22.395
22.4
22.405
22.41
22.415
22.419999999999998
22.425
22.43
22.435
22.439999999999998
22.445
22.45
22.455
22.46
22.465
22.47
22.474999999999998
22.48
22.485
22.49
22.495
22.5
22.505
22.509999999999998
22.515
22.52
22.525
22.53
22.535
22.54
22.544999999999998
22.55
22.555
22.56
22.564999999999998
22.57
22.575
22.58
22.585
22.59
22.595
22.599999999999998
22.605
22.61
22.615
22.62
22.625
22.63
22.634999999999998
22.64
22.645
22.65
22.655
22.66
22.665
22.669999999999998
22.675
22.68
22.685
22.689999999999998
22.695
22.7
22.705
22.71
22.715
22.72
22.724999999999998
22.73
22.735
22.74
22.745
22.75
22.755
22.759999999999998
22.765
22.77
22.775
22.78
22.785
22.79
22.794999999999998
22.8
22.805
22.81
22.814999999999998
22.82
22.825
22.83
22.835
22.84
22.845
22.849999999999998
22.855
22.86
22.865
22.87
22.875
22.88
22.884999999999998
22.89
22.895
22.9
22.905
22.91
22.915
22.919999999999998
22.925
22.93
22.935
22.939999999999998
22.945
22.95
22.955
22.96
22.965
22.97
22.974999999999998
22.98
22.985
22.99
22.995
23.0
23.005
23.009999999999998
23.015
23.02
23.025
23.03
23.035
23.04
23.044999999999998
23.05
23.055
23.06
23.064999999999998
23.07
23.075
23.08
23.085
23.09
23.095
23.099999999999998
23.105
23.11
23.115
23.12
23.125
23.13
23.134999999999998
23.14
23.145
23.15
23.155
23.16
23.165
23.169999999999998
23.175
23.18
23.185
23.189999999999998
23.195
23.2
23.205
23.21
23.215
23.22
23.224999999999998
23.23
23.235
23.24
23.245
23.25
23.255
23.259999999999998
23.265
23.27
23.275
23.28
23.285
23.29
23.294999999999998
23.3
23.305
23.31
23.314999999999998
23.32
23.325
23.33
23.335
23.34
23.345
23.349999999999998
23.355
23.36
23.365
23.37
23.375
23.38
23.384999999999998
23.39
23.395
23.4
23.405
23.41
23.415
23.419999999999998
23.425
23.43
23.435
23.439999999999998
23.445
23.45
23.455
23.46
23.465
23.47
23.474999999999998
23.48
23.485
23.49
23.495
23.5
23.505
23.509999999999998
23.515
23.52
23.525
23.53
23.535
23.54
23.544999999999998
23.55
23.555
23.56
23.564999999999998
23.57
23.575
23.58
23.585
23.59
23.595
23.599999999999998
23.605
23.61
23.615
23.62
23.625
23.63
23.634999999999998
23.64
23.645
23.65
23.655
23.66
23.665
23.669999999999998
23.675
23.68
23.685
23.689999999999998
23.695
23.7
23.705
23.71
23.715
23.72
23.724999999999998
23.73
23.735
23.74
23.745
23.75
23.755
23.759999999999998
23.765
23.77
23.775
23.78
23.785
23.79
23.794999999999998
23.8
23.805
23.81
23.814999999999998
23.82
23.825
23.83
23.835
23.84
23.845
23.849999999999998
23.855
23.86
23.865
23.87
23.875
23.88
23.884999999999998
23.89
23.895
23.9
23.905
23.91
23.915
23.919999999999998
23.925
23.93
23.935
23.94
23.945
23.95
23.955
23.96
23.965
23.97
23.974999999999998
23.98
23.985
23.99
23.995
24.0
24.005
24.009999999999998
24.015
24.02
24.025
24.03
24.035
24.04
24.044999999999998
24.05
24.055
24.06
24.065
24.07
24.075
24.08
24.085
24.09
24.095
24.099999999999998
24.105
24.11
24.115
24.12
24.125
24.13
24.134999999999998
24.14
24.145
24.15
24.155
24.16
24.165
24.169999999999998
24.175
24.18
24.185
24.19
24.195
24.2
24.205
24.21
24.215
24.22
24.224999999999998
24.23
24.235
24.24
24.245
24.25
24.255
24.259999999999998
24.265
24.27
24.275
24.28
24.285
24.29
24.294999999999998
24.3
24.305
24.31
24.315
24.32
24.325
24.33
24.335
24.34
24.345
24.349999999999998
24.355
24.36
24.365
24.37
24.375
24.38
24.384999999999998
24.39
24.395
24.4
24.405
24.41
24.415
24.419999999999998
24.425
24.43
24.435
24.44
24.445
24.45
24.455
24.46
24.465
24.47
24.474999999999998
24.48
24.485
24.49
24.495
24.5
24.505
24.509999999999998
24.515
24.52
24.525
24.53
24.535
24.54
24.544999999999998
24.55
24.555
24.56
24.565
24.57
24.575
24.58
24.585
24.59
24.595
24.599999999999998
24.605
24.61
24.615
24.62
24.625
24.63
24.634999999999998
24.64
24.645
24.65
24.655
24.66
24.665
24.669999999999998
24.675
24.68
24.685
24.69
24.695
24.7
24.705
24.71
24.715
24.72
24.724999999999998
24.73
24.735
24.74
24.745
24.75
24.755
24.759999999999998
24.765
24.77
24.775
24.78
24.785
24.79
24.794999999999998
24.8
24.805
24.81
24.815
24.82
24.825
24.83
24.835
24.84
24.845
24.849999999999998
24.855
24.86
24.865
24.87
24.875
24.88
24.884999999999998
24.89
24.895
24.9
24.905
24.91
24.915
24.919999999999998
24.925
24.93
24.935
24.94
24.945
24.95
24.955
24.96
24.965
24.97
24.974999999999998
24.98
24.985
24.99
24.995
25.0
25.005
25.009999999999998
25.015
25.02
25.025
25.03
25.035
25.04
25.044999999999998
25.05
25.055
25.06
25.065
25.07
25.075
25.08
25.085
25.09
25.095
25.099999999999998
25.105
25.11
25.115
25.12
25.125
25.13
25.134999999999998
25.14
25.145
25.15
25.155
25.16
25.165
25.169999999999998
25.175
25.18
25.185
25.19
25.195
25.2
25.205
25.21
25.215
25.22
25.224999999999998
25.23
25.235
25.24
25.245
25.25
25.255
25.259999999999998
25.265
25.27
25.275
25.28
25.285
25.29
25.294999999999998
25.3
25.305
25.31
25.315
25.32
25.325
25.33
25.335
25.34
25.345
25.349999999999998
25.355
25.36
25.365
25.37
25.375
25.38
25.384999999999998
25.39
25.395
25.4
25.405
25.41
25.415
25.419999999999998
25.425
25.43
25.435
25.44
25.445
25.45
25.455
25.46
25.465
25.47
25.474999999999998
25.48
25.485
25.49
25.495
25.5
25.505
25.509999999999998
25.515
25.52
25.525
25.53
25.535
25.54
25.544999999999998
25.55
25.555
25.56
25.565
25.57
25.575
25.58
25.585
25.59
25.595
25.599999999999998
25.605
25.61
25.615
25.62
25.625
25.63
25.634999999999998
25.64
25.645
25.65
25.655
25.66
25.665
25.669999999999998
25.675
25.68
25.685
25.69
25.695
25.7
25.705
25.71
25.715
25.72
25.724999999999998
25.73
25.735
25.74
25.745
25.75
25.755
25.759999999999998
25.765
25.77
25.775
25.78
25.785
25.79
25.794999999999998
25.8
25.805
25.81
25.815
25.82
25.825
25.83
25.835
25.84
25.845
25.849999999999998
25.855
25.86
25.865
25.87
25.875
25.88
25.884999999999998
25.89
25.895
25.9
25.905
25.91
25.915
25.919999999999998
25.925
25.93
25.935
25.94
25.945
25.95
25.955
25.96
25.965
25.97
25.974999999999998
25.98
25.985
25.99
25.995
26.0
26.005
26.009999999999998
26.015
26.02
26.025
26.03
26.035
26.04
26.044999999999998
26.05
26.055
26.06
26.065
26.07
26.075
26.08
26.085
26.09
26.095
26.099999999999998
26.105
26.11
26.115
26.12
26.125
26.13
26.134999999999998
26.14
26.145
26.15
26.155
26.16
26.165
26.169999999999998
26.175
26.18
26.185
26.19
26.195
26.2
26.205
26.21
26.215
26.22
26.224999999999998
26.23
26.235
26.24
26.245
26.25
26.255
26.259999999999998
26.265
26.27
26.275
26.28
26.285
26.29
26.294999999999998
26.3
26.305
26.31
26.315
26.32
26.325
26.33
26.335
26.34
26.345
26.349999999999998
26.355
26.36
26.365
26.37
26.375
26.38
26.384999999999998
26.39
26.395
26.4
26.405
26.41
26.415
26.419999999999998
26.425
26.43
26.435
26.44
26.445
26.45
26.455
26.46
26.465
26.47
26.474999999999998
26.48
26.485
26.49
26.495
26.5
26.505
26.509999999999998
26.515
26.52
26.525
26.53
26.535
26.54
26.544999999999998
26.55
26.555
26.56
26.565
26.57
26.575
26.58
26.585
26.59
26.595
26.599999999999998
26.605
26.61
26.615
26.62
26.625
26.63
26.634999999999998
26.64
26.645
26.65
26.655
26.66
26.665
26.669999999999998
26.675
26.68
26.685
26.69
26.695
26.7
26.705
26.71
26.715
26.72
26.724999999999998
26.73
26.735
26.74
26.745
26.75
26.755
26.759999999999998
26.765
26.77
26.775
26.78
26.785
26.79
26.794999999999998
26.8
26.805
26.81
26.815
26.82
26.825
26.83
26.835
26.84
26.845
26.849999999999998
26.855
26.86
26.865
26.87
26.875
26.88
26.884999999999998
26.89
26.895
26.9
26.905
26.91
26.915
26.919999999999998
26.925
26.93
26.935
26.94
26.945
26.95
26.955
26.96
26.965
26.97
26.974999999999998
26.98
26.985
26.99
26.995
27.0
27.005
27.009999999999998
27.015
27.02
27.025
27.03
27.035
27.04
27.044999999999998
27.05
27.055
27.06
27.065
27.07
27.075
27.08
27.085
27.09
27.095
27.099999999999998
27.105
27.11
27.115
27.12
27.125
27.13
27.134999999999998
27.14
27.145
27.15
27.155
27.16
27.165
27.169999999999998
27.175
27.18
27.185
27.19
27.195
27.2
27.205
27.21
27.215
27.22
27.224999999999998
27.23
27.235
27.24
27.245
27.25
27.255
27.259999999999998
27.265
27.27
27.275
27.28
27.285
27.29
27.294999999999998
27.3
27.305
27.31
27.315
27.32
27.325
27.33
27.335
27.34
27.345
27.349999999999998
27.355
27.36
27.365
27.37
27.375
27.38
27.384999999999998
27.39
27.395
27.4
27.405
27.41
27.415
27.419999999999998
27.425
27.43
27.435
27.44
27.445
27.45
27.455
27.46
27.465
27.47
27.474999999999998
27.48
27.485
27.49
27.495
27.5
27.505
27.509999999999998
27.515
27.52
27.525
27.53
27.535
27.54
27.544999999999998
27.55
27.555
27.56
27.565
27.57
27.575
27.58
27.585
27.59
27.595
27.599999999999998
27.605
27.61
27.615
27.62
27.625
27.63
27.634999999999998
27.64
27.645
27.65
27.655
27.66
27.665
27.669999999999998
27.675
27.68
27.685
27.69
27.695
27.7
27.705
27.71
27.715
27.72
27.724999999999998
27.73
27.735
27.74
27.745
27.75
27.755
27.759999999999998
27.765
27.77
27.775
27.78
27.785
27.79
27.794999999999998
27.8
27.805
27.81
27.815
27.82
27.825
27.83
27.835
27.84
27.845
27.849999999999998
27.855
27.86
27.865
27.87
27.875
27.88
27.884999999999998
27.89
27.895
27.9
27.905
27.91
27.915
27.919999999999998
27.925
27.93
27.935
27.94
27.945
27.95
27.955
27.96
27.965
27.97
27.974999999999998
27.98
27.985
27.99
27.995
28.0
28.005
28.009999999999998
28.015
28.02
28.025
28.03
28.035
28.04
28.044999999999998
28.05
28.055
28.06
28.065
28.07
28.075
28.08
28.085
28.09
28.095
28.099999999999998
28.105
28.11
28.115
28.12
28.125
28.13
28.134999999999998
28.14
28.145
28.15
28.155
28.16
28.165
28.169999999999998
28.175
28.18
28.185
28.19
28.195
28.2
28.205
28.21
28.215
28.22
28.224999999999998
28.23
28.235
28.24
28.245
28.25
28.255
28.259999999999998
28.265
28.27
28.275
28.28
28.285
28.29
28.294999999999998
28.3
28.305
28.31
28.315
28.32
28.325
28.33
28.335
28.34
28.345
28.349999999999998
28.355
28.36
28.365
28.37
28.375
28.38
28.384999999999998
28.39
28.395
28.4
28.405
28.41
28.415
28.419999999999998
28.425
28.43
28.435
28.44
28.445
28.45
28.455
28.46
28.465
28.47
28.474999999999998
28.48
28.485
28.49
28.495
28.5
28.505
28.509999999999998
28.515
28.52
28.525
28.53
28.535
28.54
28.544999999999998
28.55
28.555
28.56
28.565
28.57
28.575
28.58
28.585
28.59
28.595
28.599999999999998
28.605
28.61
28.615
28.62
28.625
28.63
28.634999999999998
28.64
28.645
28.65
28.655
28.66
28.665
28.669999999999998
28.675
28.68
28.685
28.69
28.695
28.7
28.705
28.71
28.715
28.72
28.724999999999998
28.73
28.735
28.74
28.745
28.75
28.755
28.759999999999998
28.765
28.77
28.775
28.78
28.785
28.79
28.794999999999998
28.8
28.805
28.81
28.815
28.82
28.825
28.83
28.835
28.84
28.845
28.849999999999998
28.855
28.86
28.865
28.87
28.875
28.88
28.884999999999998
28.89
28.895
28.9
28.905
28.91
28.915
28.919999999999998
28.925
28.93
28.935
28.94
28.945
28.95
28.955
28.96
28.965
28.97
28.974999999999998
28.98
28.985
28.99
28.995
29.0
29.005
29.009999999999998
29.015
29.02
29.025
29.03
29.035
29.04
29.044999999999998
29.05
29.055
29.06
29.065
29.07
29.075
29.08
29.085
29.09
29.095
29.099999999999998
29.105
29.11
29.115
29.12
29.125
29.13
29.134999999999998
29.14
29.145
29.15
29.155
29.16
29.165
29.169999999999998
29.175
29.18
29.185
29.19
29.195
29.2
29.205
29.21
29.215
29.22
29.224999999999998
29.23
29.235
29.24
29.245
29.25
29.255
29.259999999999998
29.265
29.27
29.275
29.28
29.285
29.29
29.294999999999998
29.3
29.305
29.31
29.315
29.32
29.325
29.33
29.335
29.34
29.345
29.349999999999998
29.355
29.36
29.365
29.37
29.375
29.38
29.384999999999998
29.39
29.395
29.4
29.405
29.41
29.415
29.419999999999998
29.425
29.43
29.435
29.44
29.445
29.45
29.455
29.46
29.465
29.47
29.474999999999998
29.48
29.485
29.49
29.495
29.5
29.505
29.509999999999998
29.515
29.52
29.525
29.53
29.535
29.54
29.544999999999998
29.55
29.555
29.56
29.565
29.57
29.575
29.58
29.585
29.59
29.595
29.599999999999998
29.605
29.61
29.615
29.62
29.625
29.63
29.634999999999998
29.64
29.645
29.65
29.655
29.66
29.665
29.669999999999998
29.675
29.68
29.685
29.69
29.695
29.7
29.705
29.71
29.715
29.72
29.724999999999998
29.73
29.735
29.74
29.745
29.75
29.755
29.759999999999998
29.765
29.77
29.775
29.78
29.785
29.79
29.794999999999998
29.8
29.805
29.81
29.815
29.82
29.825
29.83
29.835
29.84
29.845
29.849999999999998
29.855
29.86
29.865
29.87
29.875
29.88
29.884999999999998
29.89
29.895
29.9
29.905
29.91
29.915
29.919999999999998
29.925
29.93
29.935
29.94
29.945
29.95
29.955
29.96
29.965
29.97
29.974999999999998
29.98
29.985
29.99
29.995
30.0
30.005
30.009999999999998
30.015
30.02
30.025
30.03
30.035
30.04
30.044999999999998
30.05
30.055
30.06
30.065
30.07
30.075
30.08
30.085
30.09
30.095
30.099999999999998
30.105
30.11
30.115
30.12
30.125
30.13
30.134999999999998
30.14
30.145
30.15
30.155
30.16
30.165
30.169999999999998
30.175
30.18
30.185
30.19
30.195
30.2
30.205
30.21
30.215
30.22
30.224999999999998
30.23
30.235
30.24
30.245
30.25
30.255
30.259999999999998
30.265
30.27
30.275
30.28
30.285
30.29
30.294999999999998
30.3
30.305
30.31
30.315
30.32
30.325
30.33
30.335
30.34
30.345
30.349999999999998
30.355
30.36
30.365
30.37
30.375
30.38
30.384999999999998
30.39
30.395
30.4
30.405
30.41
30.415
30.419999999999998
30.425
30.43
30.435
30.44
30.445
30.45
30.455
30.46
30.465
30.47
30.474999999999998
30.48
30.485
30.49
30.495
30.5
30.505
30.509999999999998
30.515
30.52
30.525
30.53
30.535
30.54
30.544999999999998
30.55
30.555
30.56
30.565
30.57
30.575
30.58
30.585
30.59
30.595
30.599999999999998
30.605
30.61
30.615
30.62
30.625
30.63
30.634999999999998
30.64
30.645
30.65
30.655
30.66
30.665
30.669999999999998
30.675
30.68
30.685
30.69
30.695
30.7
30.705
30.71
30.715
30.72
30.724999999999998
30.73
30.735
30.74
30.745
30.75
30.755
30.759999999999998
30.765
30.77
30.775
30.78
30.785
30.79
30.794999999999998
30.8
30.805
30.81
30.815
30.82
30.825
30.83
30.835
30.84
30.845
30.85
30.855
30.86
30.865
30.87
30.875
30.88
30.884999999999998
30.89
30.895
30.9
30.905
30.91
30.915
30.919999999999998
30.925
30.93
30.935
30.94
30.945
30.95
30.955
30.96
30.965
30.97
30.975
30.98
30.985
30.99
30.995
31.0
31.005
31.009999999999998
31.015
31.02
31.025
31.03
31.035
31.04
31.044999999999998
31.05
31.055
31.06
31.065
31.07
31.075
31.08
31.085
31.09
31.095
31.1
31.105
31.11
31.115
31.12
31.125
31.13
31.134999999999998
31.14
31.145
31.15
31.155
31.16
31.165
31.169999999999998
31.175
31.18
31.185
31.19
31.195
31.2
31.205
31.21
31.215
31.22
31.225
31.23
31.235
31.24
31.245
31.25
31.255
31.259999999999998
31.265
31.27
31.275
31.28
31.285
31.29
31.294999999999998
31.3
31.305
31.31
31.315
31.32
31.325
31.33
31.335
31.34
31.345
31.35
31.355
31.36
31.365
31.37
31.375
31.38
31.384999999999998
31.39
31.395
31.4
31.405
31.41
31.415
31.419999999999998
31.425
31.43
31.435
31.44
31.445
31.45
31.455
31.46
31.465
31.47
31.475
31.48
31.485
31.49
31.495
31.5
31.505
31.509999999999998
31.515
31.52
31.525
31.53
31.535
31.54
31.544999999999998
31.55
31.555
31.56
31.565
31.57
31.575
31.58
31.585
31.59
31.595
31.6
31.605
31.61
31.615
31.62
31.625
31.63
31.634999999999998
31.64
31.645
31.65
31.655
31.66
31.665
31.669999999999998
31.675
31.68
31.685
31.69
31.695
31.7
31.705
31.71
31.715
31.72
31.725
31.73
31.735
31.74
31.745
31.75
31.755
31.759999999999998
31.765
31.77
31.775
31.78
31.785
31.79
31.794999999999998
31.8
31.805
31.81
31.815
31.82
31.825
31.83
31.835
31.84
31.845
31.85
31.855
31.86
31.865
31.87
31.875
31.88
31.884999999999998
31.89
31.895
31.9
31.905
31.91
31.915
31.919999999999998
31.925
31.93
31.935
31.94
31.945
31.95
31.955
31.96
31.965
31.97
31.975
31.98
31.985
31.99
31.995
32.0
32.005
32.010000000000005
32.015
32.02
32.025000000000006
32.03
32.035000000000004
32.040000000000006
32.045
32.050000000000004
32.055
32.06
32.065000000000005
32.07
32.075
32.080000000000005
32.085
32.09
32.095000000000006
32.1
32.105000000000004
32.11000000000001
32.115
32.120000000000005
32.125
32.13
32.135000000000005
32.14
32.145
32.150000000000006
32.155
32.160000000000004
32.165000000000006
32.17
32.175000000000004
32.18
32.185
32.190000000000005
32.195
32.2
32.205000000000005
32.21
32.215
32.220000000000006
32.225
32.230000000000004
32.23500000000001
32.24
32.245000000000005
32.25
32.255
32.260000000000005
32.265
32.27
32.275000000000006
32.28
32.285000000000004
32.290000000000006
32.295
32.300000000000004
32.305
32.31
32.315000000000005
32.32
32.325
32.330000000000005
32.335
32.34
32.345000000000006
32.35
32.355000000000004
32.36000000000001
32.365
32.370000000000005
32.375
32.38
32.385000000000005
32.39
32.395
32.400000000000006
32.405
32.410000000000004
32.415000000000006
32.42
32.425000000000004
32.43
32.435
32.440000000000005
32.445
32.45
32.455000000000005
32.46
32.465
32.470000000000006
32.475
32.480000000000004
32.48500000000001
32.49
32.495000000000005
32.5
32.505
32.510000000000005
32.515
32.52
32.525000000000006
32.53
32.535000000000004
32.540000000000006
32.545
32.550000000000004
32.555
32.56
32.565000000000005
32.57
32.575
32.580000000000005
32.585
32.59
32.595000000000006
32.6
32.605000000000004
32.61000000000001
32.615
32.620000000000005
32.625
32.63
32.635000000000005
32.64
32.645
32.650000000000006
32.655
32.660000000000004
32.665000000000006
32.67
32.675000000000004
32.68
32.685
32.690000000000005
32.695
32.7
32.705000000000005
32.71
32.715
32.720000000000006
32.725
32.730000000000004
32.73500000000001
32.74
32.745000000000005
32.75
32.755
32.760000000000005
32.765
32.77
32.775000000000006
32.78
32.785000000000004
32.790000000000006
32.795
32.800000000000004
32.805
32.81
32.815000000000005
32.82
32.825
32.830000000000005
32.835
32.84
32.845000000000006
32.85
32.855000000000004
32.86000000000001
32.865
32.870000000000005
32.875
32.88
32.885000000000005
32.89
32.895
32.900000000000006
32.905
32.910000000000004
32.915000000000006
32.92
32.925000000000004
32.93
32.935
32.940000000000005
32.945
32.95
32.955000000000005
32.96
32.965
32.970000000000006
32.975
32.980000000000004
32.98500000000001
32.99
32.995000000000005
33.0
33.005
33.010000000000005
33.015
33.02
33.025000000000006
33.03
33.035000000000004
33.040000000000006
33.045
33.050000000000004
33.055
33.06
33.065000000000005
33.07
33.075
33.080000000000005
33.085
33.09
33.095000000000006
33.1
33.105000000000004
33.11000000000001
33.115
33.120000000000005
33.125
33.13
33.135000000000005
33.14
33.145
33.150000000000006
33.155
33.160000000000004
33.165000000000006
33.17
33.175000000000004
33.18
33.185
33.190000000000005
33.195
33.2
33.205000000000005
33.21
33.215
33.220000000000006
33.225
33.230000000000004
33.23500000000001
33.24
33.245000000000005
33.25
33.255
33.260000000000005
33.265
33.27
33.275000000000006
33.28
33.285000000000004
33.290000000000006
33.295
33.300000000000004
33.305
33.31
33.315000000000005
33.32
33.325
33.330000000000005
33.335
33.34
33.345000000000006
33.35
33.355000000000004
33.36000000000001
33.365
33.370000000000005
33.375
33.38
33.385000000000005
33.39
33.395
33.400000000000006
33.405
33.410000000000004
33.415000000000006
33.42
33.425000000000004
33.43
33.435
33.440000000000005
33.445
33.45
33.455000000000005
33.46
33.465
33.470000000000006
33.475
33.480000000000004
33.48500000000001
33.49
33.495000000000005
33.5
33.505
33.510000000000005
33.515
33.52
33.525000000000006
33.53
33.535000000000004
33.540000000000006
33.545
33.550000000000004
33.555
33.56
33.565000000000005
33.57
33.575
33.580000000000005
33.585
33.59
33.595000000000006
33.6
33.605000000000004
33.61000000000001
33.615
33.620000000000005
33.625
33.63
33.635000000000005
33.64
33.645
33.650000000000006
33.655
33.660000000000004
33.665000000000006
33.67
33.675000000000004
33.68
33.685
33.690000000000005
33.695
33.7
33.705000000000005
33.71
33.715
33.720000000000006
33.725
33.730000000000004
33.73500000000001
33.74
33.745000000000005
33.75
33.755
33.760000000000005
33.765
33.77
33.775000000000006
33.78
33.785000000000004
33.790000000000006
33.795
33.800000000000004
33.805
33.81
33.815000000000005
33.82
33.825
33.830000000000005
33.835
33.84
33.845000000000006
33.85
33.855000000000004
33.86000000000001
33.865
33.870000000000005
33.875
33.88
33.885000000000005
33.89
33.895
33.900000000000006
33.905
33.910000000000004
33.915000000000006
33.92
33.925000000000004
33.93
33.935
33.940000000000005
33.945
33.95
33.955000000000005
33.96
33.965
33.970000000000006
33.975
33.980000000000004
33.98500000000001
33.99
33.995000000000005
34.0
34.005
34.010000000000005
34.015
34.02
34.025000000000006
34.03
34.035000000000004
34.040000000000006
34.045
34.050000000000004
34.055
34.06
34.065000000000005
34.07
34.075
34.080000000000005
34.085
34.09
34.095000000000006
34.1
34.105000000000004
34.11000000000001
34.115
34.120000000000005
34.125
34.13
34.135000000000005
34.14
34.145
34.150000000000006
34.155
34.160000000000004
34.165000000000006
34.17
34.175000000000004
34.18000000000001
34.185
34.190000000000005
34.195
34.2
34.205000000000005
34.21
34.215
34.220000000000006
34.225
34.230000000000004
34.23500000000001
34.24
34.245000000000005
34.25
34.255
34.260000000000005
34.265
34.27
34.275000000000006
34.28
34.285000000000004
34.290000000000006
34.295
34.300000000000004
34.30500000000001
34.31
34.315000000000005
34.32
34.325
34.330000000000005
34.335
34.34
34.345000000000006
34.35
34.355000000000004
34.36000000000001
34.365
34.370000000000005
34.375
34.38
34.385000000000005
34.39
34.395
34.400000000000006
34.405
34.410000000000004
34.415000000000006
34.42
34.425000000000004
34.43000000000001
34.435
34.440000000000005
34.445
34.45
34.455000000000005
34.46
34.465
34.470000000000006
34.475
34.480000000000004
34.48500000000001
34.49
34.495000000000005
34.5
34.505
34.510000000000005
34.515
34.52
34.525000000000006
34.53
34.535000000000004
34.540000000000006
34.545
34.550000000000004
34.55500000000001
34.56
34.565000000000005
34.57
34.575
34.580000000000005
34.585
34.59
34.595000000000006
34.6
34.605000000000004
34.61000000000001
34.615
34.620000000000005
34.625
34.63
34.635000000000005
34.64
34.645
34.650000000000006
34.655
34.660000000000004
34.665000000000006
34.67
34.675000000000004
34.68000000000001
34.685
34.690000000000005
34.695
34.7
34.705000000000005
34.71
34.715
34.720000000000006
34.725
34.730000000000004
34.73500000000001
34.74
34.745000000000005
34.75
34.755
34.760000000000005
34.765
34.77
34.775000000000006
34.78
34.785000000000004
34.790000000000006
34.795
34.800000000000004
34.80500000000001
34.81
34.815000000000005
34.82
34.825
34.830000000000005
34.835
34.84
34.845000000000006
34.85
34.855000000000004
34.86000000000001
34.865
34.870000000000005
34.875
34.88
34.885000000000005
34.89
34.895
34.900000000000006
34.905
34.910000000000004
34.915000000000006
34.92
34.925000000000004
34.93000000000001
34.935
34.940000000000005
34.945
34.95
34.955000000000005
34.96
34.965
34.970000000000006
34.975
34.980000000000004
34.98500000000001
34.99
34.995000000000005
35.0
35.005
35.010000000000005
35.015
35.02
35.025000000000006
35.03
35.035000000000004
35.040000000000006
35.045
35.050000000000004
35.05500000000001
35.06
35.065000000000005
35.07
35.075
35.080000000000005
35.085
35.09
35.095000000000006
35.1
35.105000000000004
35.11000000000001
35.115
35.120000000000005
35.125
35.13
35.135000000000005
35.14
35.145
35.150000000000006
35.155
35.160000000000004
35.165000000000006
35.17
35.175000000000004
35.18000000000001
35.185
35.190000000000005
35.195
35.2
35.205000000000005
35.21
35.215
35.220000000000006
35.225
35.230000000000004
35.23500000000001
35.24
35.245000000000005
35.25
35.255
35.260000000000005
35.265
35.27
35.275000000000006
35.28
35.285000000000004
35.290000000000006
35.295
35.300000000000004
35.30500000000001
35.31
35.315000000000005
35.32
35.325
35.330000000000005
35.335
35.34
35.345000000000006
35.35
35.355000000000004
35.36000000000001
35.365
35.370000000000005
35.375
35.38
35.385000000000005
35.39
35.395
35.400000000000006
35.405
35.410000000000004
35.415000000000006
35.42
35.425000000000004
35.43000000000001
35.435
35.440000000000005
35.445
35.45
35.455000000000005
35.46
35.465
35.470000000000006
35.475
35.480000000000004
35.48500000000001
35.49
35.495000000000005
35.5
35.505
35.510000000000005
35.515
35.52
35.525000000000006
35.53
35.535000000000004
35.540000000000006
35.545
35.550000000000004
35.55500000000001
35.56
35.565000000000005
35.57
35.575
35.580000000000005
35.585
35.59
35.595000000000006
35.6
35.605000000000004
35.61000000000001
35.615
35.620000000000005
35.625
35.63
35.635000000000005
35.64
35.645
35.650000000000006
35.655
35.660000000000004
35.665000000000006
35.67
35.675000000000004
35.68000000000001
35.685
35.690000000000005
35.695
35.7
35.705000000000005
35.71
35.715
35.720000000000006
35.725
35.730000000000004
35.73500000000001
35.74
35.745000000000005
35.75
35.755
35.760000000000005
35.765
35.77
35.775000000000006
35.78
35.785000000000004
35.790000000000006
35.795
35.800000000000004
35.80500000000001
35.81
35.815000000000005
35.82
35.825
35.830000000000005
35.835
35.84
35.845000000000006
35.85
35.855000000000004
35.86000000000001
35.865
35.870000000000005
35.875
35.88
35.885000000000005
35.89
35.895
35.900000000000006
35.905
35.910000000000004
35.915000000000006
35.92
35.925000000000004
35.93000000000001
35.935
35.940000000000005
35.945
35.95
35.955000000000005
35.96
35.965
35.970000000000006
35.975
35.980000000000004
35.98500000000001
35.99
35.995000000000005
36.0
36.005
36.010000000000005
36.015
36.02
36.025000000000006
36.03
36.035000000000004
36.040000000000006
36.045
36.050000000000004
36.05500000000001
36.06
36.065000000000005
36.07
36.075
36.080000000000005
36.085
36.09
36.095000000000006
36.1
36.105000000000004
36.11000000000001
36.115
36.120000000000005
36.125
36.13
36.135000000000005
36.14
36.145
36.150000000000006
36.155
36.160000000000004
36.165000000000006
36.17
36.175000000000004
36.18000000000001
36.185
36.190000000000005
36.195
36.2
36.205000000000005
36.21
36.215
36.220000000000006
36.225
36.230000000000004
36.23500000000001
36.24
36.245000000000005
36.25
36.255
36.260000000000005
36.265
36.27
36.275000000000006
36.28
36.285000000000004
36.290000000000006
36.295
36.300000000000004
36.30500000000001
36.31
36.315000000000005
36.32
36.325
36.330000000000005
36.335
36.34
36.345000000000006
36.35
36.355000000000004
36.36000000000001
36.365
36.370000000000005
36.375
36.38
36.385000000000005
36.39
36.395
36.400000000000006
36.405
36.410000000000004
36.415000000000006
36.42
36.425000000000004
36.43000000000001
36.435
36.440000000000005
36.445
36.45
36.455000000000005
36.46
36.465
36.470000000000006
36.475
36.480000000000004
36.48500000000001
36.49
36.495000000000005
36.5
36.505
36.510000000000005
36.515
36.52
36.525000000000006
36.53
36.535000000000004
36.540000000000006
36.545
36.550000000000004
36.55500000000001
36.56
36.565000000000005
36.57
36.575
36.580000000000005
36.585
36.59
36.595000000000006
36.6
36.605000000000004
36.61000000000001
36.615
36.620000000000005
36.625
36.63
36.635000000000005
36.64
36.645
36.650000000000006
36.655
36.660000000000004
36.665000000000006
36.67
36.675000000000004
36.68000000000001
36.685
36.690000000000005
36.695
36.7
36.705000000000005
36.71
36.715
36.720000000000006
36.725
36.730000000000004
36.73500000000001
36.74
36.745000000000005
36.75
36.755
36.760000000000005
36.765
36.77
36.775000000000006
36.78
36.785000000000004
36.790000000000006
36.795
36.800000000000004
36.80500000000001
36.81
36.815000000000005
36.82
36.825
36.830000000000005
36.835
36.84
36.845000000000006
36.85
36.855000000000004
36.86000000000001
36.865
36.870000000000005
36.875
36.88
36.885000000000005
36.89
36.895
36.900000000000006
36.905
36.910000000000004
36.915000000000006
36.92
36.925000000000004
36.93000000000001
36.935
36.940000000000005
36.945
36.95
36.955000000000005
36.96
36.965
36.970000000000006
36.975
36.980000000000004
36.98500000000001
36.99
36.995000000000005
37.0
37.005
37.010000000000005
37.015
37.02
37.025000000000006
37.03
37.035000000000004
37.040000000000006
37.045
37.050000000000004
37.05500000000001
37.06
37.065000000000005
37.07
37.075
37.080000000000005
37.085
37.09
37.095000000000006
37.1
37.105000000000004
37.11000000000001
37.115
37.120000000000005
37.125
37.13
37.135000000000005
37.14
37.145
37.150000000000006
37.155
37.160000000000004
37.165000000000006
37.17
37.175000000000004
37.18000000000001
37.185
37.190000000000005
37.195
37.2
37.205000000000005
37.21
37.215
37.220000000000006
37.225
37.230000000000004
37.23500000000001
37.24
37.245000000000005
37.25
37.255
37.260000000000005
37.265
37.27
37.275000000000006
37.28
37.285000000000004
37.290000000000006
37.295
37.300000000000004
37.30500000000001
37.31
37.315000000000005
37.32
37.325
37.330000000000005
37.335
37.34
37.345000000000006
37.35
37.355000000000004
37.36000000000001
37.365
37.370000000000005
37.375
37.38
37.385000000000005
37.39
37.395
37.400000000000006
37.405
37.410000000000004
37.415000000000006
37.42
37.425000000000004
37.43000000000001
37.435
37.440000000000005
37.445
37.45
37.455000000000005
37.46
37.465
37.470000000000006
37.475
37.480000000000004
37.48500000000001
37.49
37.495000000000005
37.5
37.505
37.510000000000005
37.515
37.52
37.525000000000006
37.53
37.535000000000004
37.540000000000006
37.545
37.550000000000004
37.55500000000001
37.56
37.565000000000005
37.57
37.575
37.580000000000005
37.585
37.59
37.595000000000006
37.6
37.605000000000004
37.61000000000001
37.615
37.620000000000005
37.625
37.63
37.635000000000005
37.64
37.645
37.650000000000006
37.655
37.660000000000004
37.665000000000006
37.67
37.675000000000004
37.68000000000001
37.685
37.690000000000005
37.695
37.7
37.705000000000005
37.71
37.715
37.720000000000006
37.725
37.730000000000004
37.73500000000001
37.74
37.745000000000005
37.75
37.755
37.760000000000005
37.765
37.77
37.775000000000006
37.78
37.785000000000004
37.790000000000006
37.795
37.800000000000004
37.80500000000001
37.81
37.815000000000005
37.82
37.825
37.830000000000005
37.835
37.84
37.845000000000006
37.85
37.855000000000004
37.86000000000001
37.865
37.870000000000005
37.875
37.88
37.885000000000005
37.89
37.895
37.900000000000006
37.905
37.910000000000004
37.915000000000006
37.92
37.925000000000004
37.93000000000001
37.935
37.940000000000005
37.945
37.95
37.955000000000005
37.96
37.965
37.970000000000006
37.975
37.980000000000004
37.98500000000001
37.99
37.995000000000005
38.0
38.005
38.010000000000005
38.015
38.02
38.025000000000006
38.03
38.035000000000004
38.040000000000006
38.045
38.050000000000004
38.05500000000001
38.06
38.065000000000005
38.07
38.075
38.080000000000005
38.085
38.09
38.095000000000006
38.1
38.105000000000004
38.11000000000001
38.115
38.120000000000005
38.125
38.13
38.135000000000005
38.14
38.145
38.150000000000006
38.155
38.160000000000004
38.165000000000006
38.17
38.175000000000004
38.18000000000001
38.185
38.190000000000005
38.195
38.2
38.205000000000005
38.21
38.215
38.220000000000006
38.225
38.230000000000004
38.23500000000001
38.24
38.245000000000005
38.25
38.255
38.260000000000005
38.265
38.27
38.275000000000006
38.28
38.285000000000004
38.290000000000006
38.295
38.300000000000004
38.30500000000001
38.31
38.315000000000005
38.32
38.325
38.330000000000005
38.335
38.34
38.345000000000006
38.35
38.355000000000004
38.36000000000001
38.365
38.370000000000005
38.375
38.38
38.385000000000005
38.39
38.395
38.400000000000006
38.405
38.410000000000004
38.415000000000006
38.42
38.425000000000004
38.43000000000001
38.435
38.440000000000005
38.445
38.45
38.455000000000005
38.46
38.465
38.470000000000006
38.475
38.480000000000004
38.48500000000001
38.49
38.495000000000005
38.5
38.505
38.510000000000005
38.515
38.52
38.525000000000006
38.53
38.535000000000004
38.540000000000006
38.545
38.550000000000004
38.55500000000001
38.56
38.565000000000005
38.57
38.575
38.580000000000005
38.585
38.59
38.595000000000006
38.6
38.605000000000004
38.61000000000001
38.615
38.620000000000005
38.625
38.63
38.635000000000005
38.64
38.645
38.650000000000006
38.655
38.660000000000004
38.665000000000006
38.67
38.675000000000004
38.68000000000001
38.685
38.690000000000005
38.695
38.7
38.705000000000005
38.71
38.715
38.720000000000006
38.725
38.730000000000004
38.73500000000001
38.74
38.745000000000005
38.75
38.755
38.760000000000005
38.765
38.77
38.775000000000006
38.78
38.785000000000004
38.790000000000006
38.795
38.800000000000004
38.80500000000001
38.81
38.815000000000005
38.82
38.825
38.830000000000005
38.835
38.84
38.845000000000006
38.85
38.855000000000004
38.86000000000001
38.865
38.870000000000005
38.875
38.88
38.885000000000005
38.89
38.895
38.900000000000006
38.905
38.910000000000004
38.915000000000006
38.92
38.925000000000004
38.93000000000001
38.935
38.940000000000005
38.945
38.95
38.955000000000005
38.96
38.965
38.970000000000006
38.975
38.980000000000004
38.98500000000001
38.99
38.995000000000005
39.0
39.005
39.010000000000005
39.015
39.02
39.025000000000006
39.03
39.035000000000004
39.040000000000006
39.045
39.050000000000004
39.05500000000001
39.06
39.065000000000005
39.07
39.075
39.080000000000005
39.085
39.09
39.095000000000006
39.1
39.105000000000004
39.11000000000001
39.115
39.120000000000005
39.125
39.13
39.135000000000005
39.14
39.145
39.150000000000006
39.155
39.160000000000004
39.165000000000006
39.17
39.175000000000004
39.18000000000001
39.185
39.190000000000005
39.195
39.2
39.205000000000005
39.21
39.215
39.220000000000006
39.225
39.230000000000004
39.23500000000001
39.24
39.245000000000005
39.25
39.255
39.260000000000005
39.265
39.27
39.275000000000006
39.28
39.285000000000004
39.290000000000006
39.295
39.300000000000004
39.30500000000001
39.31
39.315000000000005
39.32
39.325
39.330000000000005
39.335
39.34
39.345000000000006
39.35
39.355000000000004
39.36000000000001
39.365
39.370000000000005
39.375
39.38
39.385000000000005
39.39
39.395
39.400000000000006
39.405
39.410000000000004
39.415000000000006
39.42
39.425000000000004
39.43000000000001
39.435
39.440000000000005
39.445
39.45
39.455000000000005
39.46
39.465
39.470000000000006
39.475
39.480000000000004
39.48500000000001
39.49
39.495000000000005
39.5
39.505
39.510000000000005
39.515
39.52
39.525000000000006
39.53
39.535000000000004
39.540000000000006
39.545
39.550000000000004
39.55500000000001
39.56
39.565000000000005
39.57
39.575
39.580000000000005
39.585
39.59
39.595000000000006
39.6
39.605000000000004
39.61000000000001
39.615
39.620000000000005
39.625
39.63
39.635000000000005
39.64
39.645
39.650000000000006
39.655
39.660000000000004
39.665000000000006
39.67
39.675000000000004
39.68000000000001
39.685
39.690000000000005
39.695
39.7
39.705000000000005
39.71
39.715
39.720000000000006
39.725
39.730000000000004
39.73500000000001
39.74
39.745000000000005
39.75
39.755
39.760000000000005
39.765
39.77
39.775000000000006
39.78
39.785000000000004
39.790000000000006
39.795
39.800000000000004
39.80500000000001
39.81
39.815000000000005
39.82
39.825
39.830000000000005
39.835
39.84
39.845000000000006
39.85
39.855000000000004
39.86000000000001
39.865
39.870000000000005
39.875
39.88
39.885000000000005
39.89
39.895
39.900000000000006
39.905
39.910000000000004
39.915000000000006
39.92
39.925000000000004
39.93000000000001
39.935
39.940000000000005
39.945
39.95
39.955000000000005
39.96
39.965
39.970000000000006
39.975
39.980000000000004
39.98500000000001
39.99
39.995000000000005
40.0
40.005
40.010000000000005
40.015
40.02
40.025000000000006
40.03
40.035000000000004
40.040000000000006
40.045
40.050000000000004
40.05500000000001
40.06
40.065000000000005
40.07
40.075
40.080000000000005
40.085
40.09
40.095000000000006
40.1
40.105000000000004
40.11000000000001
40.115
40.120000000000005
40.125
40.13
40.135000000000005
40.14
40.145
40.150000000000006
40.155
40.160000000000004
40.165000000000006
40.17
40.175000000000004
40.18000000000001
40.185
40.190000000000005
40.195
40.2
40.205000000000005
40.21
40.215
40.220000000000006
40.225
40.230000000000004
40.23500000000001
40.24
40.245000000000005
40.25
40.255
40.260000000000005
40.265
40.27
40.275000000000006
40.28
40.285000000000004
40.290000000000006
40.295
40.300000000000004
40.30500000000001
40.31
40.315000000000005
40.32
40.325
40.330000000000005
40.335
40.34
40.345000000000006
40.35
40.355000000000004
40.36000000000001
40.365
40.370000000000005
40.375
40.38
40.385000000000005
40.39
40.395
40.400000000000006
40.405
40.410000000000004
40.415000000000006
40.42
40.425000000000004
40.43000000000001
40.435
40.440000000000005
40.445
40.45
40.455000000000005
40.46
40.465
40.470000000000006
40.475
40.480000000000004
40.48500000000001
40.49
40.495000000000005
40.5
40.505
40.510000000000005
40.515
40.52
40.525000000000006
40.53
40.535000000000004
40.540000000000006
40.545
40.550000000000004
40.55500000000001
40.56
40.565000000000005
40.57
40.575
40.580000000000005
40.585
40.59
40.595000000000006
40.6
40.605000000000004
40.61000000000001
40.615
40.620000000000005
40.625
40.63
40.635000000000005
40.64
40.645
40.650000000000006
40.655
40.660000000000004
40.665000000000006
40.67
40.675000000000004
40.68000000000001
40.685
40.690000000000005
40.695
40.7
40.705000000000005
40.71
40.715
40.720000000000006
40.725
40.730000000000004
40.73500000000001
40.74
40.745000000000005
40.75
40.755
40.760000000000005
40.765
40.77
40.775000000000006
40.78
40.785000000000004
40.790000000000006
40.795
40.800000000000004
40.80500000000001
40.81
40.815000000000005
40.82
40.825
40.830000000000005
40.835
40.84
40.845000000000006
40.85
40.855000000000004
40.86000000000001
40.865
40.870000000000005
40.875
40.88
40.885000000000005
40.89
40.895
40.900000000000006
40.905
40.910000000000004
40.915000000000006
40.92
40.925000000000004
40.93000000000001
40.935
40.940000000000005
40.945
40.95
40.955000000000005
40.96
40.965
40.970000000000006
40.975
40.980000000000004
40.98500000000001
40.99
40.995000000000005
41.0
41.005
41.010000000000005
41.015
41.02
41.025000000000006
41.03
41.035000000000004
41.040000000000006
41.045
41.050000000000004
41.05500000000001
41.06
41.065000000000005
41.07
41.075
41.080000000000005
41.085
41.09
41.095000000000006
41.1
41.105000000000004
41.11000000000001
41.115
41.120000000000005
41.125
41.13
41.135000000000005
41.14
41.145
41.150000000000006
41.155
41.160000000000004
41.165000000000006
41.17
41.175000000000004
41.18000000000001
41.185
41.190000000000005
41.195
41.2
41.205000000000005
41.21
41.215
41.220000000000006
41.225
41.230000000000004
41.23500000000001
41.24
41.245000000000005
41.25
41.255
41.260000000000005
41.265
41.27
41.275000000000006
41.28
41.285000000000004
41.290000000000006
41.295
41.300000000000004
41.30500000000001
41.31
41.315000000000005
41.32
41.325
41.330000000000005
41.335
41.34
41.345000000000006
41.35
41.355000000000004
41.36000000000001
41.365
41.370000000000005
41.375
41.38
41.385000000000005
41.39
41.395
41.400000000000006
41.405
41.410000000000004
41.415000000000006
41.42
41.425000000000004
41.43000000000001
41.435
41.440000000000005
41.445
41.45
41.455000000000005
41.46
41.465
41.470000000000006
41.475
41.480000000000004
41.48500000000001
41.49
41.495000000000005
41.5
41.505
41.510000000000005
41.515
41.52
41.525000000000006
41.53
41.535000000000004
41.540000000000006
41.545
41.550000000000004
41.55500000000001
41.56
41.565000000000005
41.57
41.575
41.580000000000005
41.585
41.59
41.595000000000006
41.6
41.605000000000004
41.61000000000001
41.615
41.620000000000005
41.625
41.63
41.635000000000005
41.64
41.645
41.650000000000006
41.655
41.660000000000004
41.665000000000006
41.67
41.675000000000004
41.68000000000001
41.685
41.690000000000005
41.695
41.7
41.705000000000005
41.71
41.715
41.720000000000006
41.725
41.730000000000004
41.73500000000001
41.74
41.745000000000005
41.75
41.755
41.760000000000005
41.765
41.77
41.775000000000006
41.78
41.785000000000004
41.790000000000006
41.795
41.800000000000004
41.80500000000001
41.81
41.815000000000005
41.82
41.825
41.830000000000005
41.835
41.84
41.845000000000006
41.85
41.855000000000004
41.86000000000001
41.865
41.870000000000005
41.875
41.88
41.885000000000005
41.89
41.895
41.900000000000006
41.905
41.910000000000004
41.915000000000006
41.92
41.925000000000004
41.93000000000001
41.935
41.940000000000005
41.945
41.95
41.955000000000005
41.96
41.965
41.970000000000006
41.975
41.980000000000004
41.98500000000001
41.99
41.995000000000005
42.0
42.005
42.010000000000005
42.015
42.02
42.025000000000006
42.03
42.035000000000004
42.040000000000006
42.045
42.050000000000004
42.05500000000001
42.06
42.065000000000005
42.07
42.075
42.080000000000005
42.085
42.09
42.095000000000006
42.1
42.105000000000004
42.11000000000001
42.115
42.120000000000005
42.125
42.13
42.135000000000005
42.14
42.145
42.150000000000006
42.155
42.160000000000004
42.165000000000006
42.17
42.175000000000004
42.18000000000001
42.185
42.190000000000005
42.195
42.2
42.205000000000005
42.21
42.215
42.220000000000006
42.225
42.230000000000004
42.23500000000001
42.24
42.245000000000005
42.25
42.255
42.260000000000005
42.265
42.27
42.275000000000006
42.28
42.285000000000004
42.290000000000006
42.295
42.300000000000004
42.30500000000001
42.31
42.315000000000005
42.32
42.325
42.330000000000005
42.335
42.34
42.345000000000006
42.35
42.355000000000004
42.36000000000001
42.365
42.370000000000005
42.375
42.38
42.385000000000005
42.39
42.395
42.400000000000006
42.405
42.410000000000004
42.415000000000006
42.42
42.425000000000004
42.43000000000001
42.435
42.440000000000005
42.445
42.45
42.455000000000005
42.46
42.465
42.470000000000006
42.475
42.480000000000004
42.48500000000001
42.49
42.495000000000005
42.5
42.505
42.510000000000005
42.515
42.52
42.525000000000006
42.53
42.535000000000004
42.540000000000006
42.545
42.550000000000004
42.55500000000001
42.56
42.565000000000005
42.57
42.575
42.580000000000005
42.585
42.59
42.595000000000006
42.6
42.605000000000004
42.61000000000001
42.615
42.620000000000005
42.625
42.63
42.635000000000005
42.64
42.645
42.650000000000006
42.655
42.660000000000004
42.665000000000006
42.67
42.675000000000004
42.68000000000001
42.685
42.690000000000005
42.695
42.7
42.705000000000005
42.71
42.715
42.720000000000006
42.725
42.730000000000004
42.73500000000001
42.74
42.745000000000005
42.75
42.755
42.760000000000005
42.765
42.77
42.775000000000006
42.78
42.785000000000004
42.790000000000006
42.795
42.800000000000004
42.80500000000001
42.81
42.815000000000005
42.82
42.825
42.830000000000005
42.835
42.84
42.845000000000006
42.85
42.855000000000004
42.86000000000001
42.865
42.870000000000005
42.875
42.88
42.885000000000005
42.89
42.895
42.900000000000006
42.905
42.910000000000004
42.915000000000006
42.92
42.925000000000004
42.93000000000001
42.935
42.940000000000005
42.945
42.95
42.955000000000005
42.96
42.965
42.970000000000006
42.975
42.980000000000004
42.98500000000001
42.99
42.995000000000005
43.0
43.005
43.010000000000005
43.015
43.02
43.025000000000006
43.03
43.035000000000004
43.040000000000006
43.045
43.050000000000004
43.05500000000001
43.06
43.065000000000005
43.07
43.075
43.080000000000005
43.085
43.09
43.095000000000006
43.1
43.105000000000004
43.11000000000001
43.115
43.120000000000005
43.125
43.13
43.135000000000005
43.14
43.145
43.150000000000006
43.155
43.160000000000004
43.165000000000006
43.17
43.175000000000004
43.18000000000001
43.185
43.190000000000005
43.195
43.2
43.205000000000005
43.21
43.215
43.220000000000006
43.225
43.230000000000004
43.23500000000001
43.24
43.245000000000005
43.25
43.255
43.260000000000005
43.265
43.27
43.275000000000006
43.28
43.285000000000004
43.290000000000006
43.295
43.300000000000004
43.30500000000001
43.31
43.315000000000005
43.32
43.325
43.330000000000005
43.335
43.34
43.345000000000006
43.35
43.355000000000004
43.36000000000001
43.365
43.370000000000005
43.375
43.38
43.385000000000005
43.39
43.395
43.400000000000006
43.405
43.410000000000004
43.415000000000006
43.42
43.425000000000004
43.43000000000001
43.435
43.440000000000005
43.445
43.45
43.455000000000005
43.46
43.465
43.470000000000006
43.475
43.480000000000004
43.48500000000001
43.49
43.495000000000005
43.5
43.505
43.510000000000005
43.515
43.52
43.525000000000006
43.53
43.535000000000004
43.540000000000006
43.545
43.550000000000004
43.55500000000001
43.56
43.565000000000005
43.57
43.575
43.580000000000005
43.585
43.59
43.595000000000006
43.6
43.605000000000004
43.61000000000001
43.615
43.620000000000005
43.625
43.63
43.635000000000005
43.64
43.645
43.650000000000006
43.655
43.660000000000004
43.665000000000006
43.67
43.675000000000004
43.68000000000001
43.685
43.690000000000005
43.695
43.7
43.705000000000005
43.71
43.715
43.720000000000006
43.725
43.730000000000004
43.73500000000001
43.74
43.745000000000005
43.75
43.755
43.760000000000005
43.765
43.77
43.775000000000006
43.78
43.785000000000004
43.790000000000006
43.795
43.800000000000004
43.80500000000001
43.81
43.815000000000005
43.82
43.825
43.830000000000005
43.835
43.84
43.845000000000006
43.85
43.855000000000004
43.86000000000001
43.865
43.870000000000005
43.875
43.88
43.885000000000005
43.89
43.895
43.900000000000006
43.905
43.910000000000004
43.915000000000006
43.92
43.925000000000004
43.93000000000001
43.935
43.940000000000005
43.945
43.95
43.955000000000005
43.96
43.965
43.970000000000006
43.975
43.980000000000004
43.98500000000001
43.99
43.995000000000005
44.0
44.005
44.010000000000005
44.015
44.02
44.025000000000006
44.03
44.035000000000004
44.040000000000006
44.045
44.050000000000004
44.05500000000001
44.06
44.065000000000005
44.07
44.075
44.080000000000005
44.085
44.09
44.095000000000006
44.1
44.105000000000004
44.11000000000001
44.115
44.120000000000005
44.125
44.13
44.135000000000005
44.14
44.145
44.150000000000006
44.155
44.160000000000004
44.165000000000006
44.17
44.175000000000004
44.18000000000001
44.185
44.190000000000005
44.195
44.2
44.205000000000005
44.21
44.215
44.220000000000006
44.225
44.230000000000004
44.23500000000001
44.24
44.245000000000005
44.25
44.255
44.260000000000005
44.265
44.27
44.275000000000006
44.28
44.285000000000004
44.290000000000006
44.295
44.300000000000004
44.30500000000001
44.31
44.315000000000005
44.32
44.325
44.330000000000005
44.335
44.34
44.345000000000006
44.35
44.355000000000004
44.36000000000001
44.365
44.370000000000005
44.375
44.38
44.385000000000005
44.39
44.395
44.400000000000006
44.405
44.410000000000004
44.415000000000006
44.42
44.425000000000004
44.43000000000001
44.435
44.440000000000005
44.445
44.45
44.455000000000005
44.46
44.465
44.470000000000006
44.475
44.480000000000004
44.48500000000001
44.49
44.495000000000005
44.5
44.505
44.510000000000005
44.515
44.52
44.525000000000006
44.53
44.535000000000004
44.540000000000006
44.545
44.550000000000004
44.55500000000001
44.56
44.565000000000005
44.57
44.575
44.580000000000005
44.585
44.59
44.595000000000006
44.6
44.605000000000004
44.61000000000001
44.615
44.620000000000005
44.625
44.63
44.635000000000005
44.64
44.645
44.650000000000006
44.655
44.660000000000004
44.665000000000006
44.67
44.675000000000004
44.68000000000001
44.685
44.690000000000005
44.695
44.7
44.705000000000005
44.71
44.715
44.720000000000006
44.725
44.730000000000004
44.73500000000001
44.74
44.745000000000005
44.75
44.755
44.760000000000005
44.765
44.77
44.775000000000006
44.78
44.785000000000004
44.790000000000006
44.795
44.800000000000004
44.80500000000001
44.81
44.815000000000005
44.82
44.825
44.830000000000005
44.835
44.84
44.845000000000006
44.85
44.855000000000004
44.86000000000001
44.865
44.870000000000005
44.875
44.88
44.885000000000005
44.89
44.895
44.900000000000006
44.905
44.910000000000004
44.915000000000006
44.92
44.925000000000004
44.93000000000001
44.935
44.940000000000005
44.945
44.95
44.955000000000005
44.96
44.965
44.970000000000006
44.975
44.980000000000004
44.98500000000001
44.99
44.995000000000005
45.0
45.005
45.010000000000005
45.015
45.02
45.025000000000006
45.03
45.035000000000004
45.040000000000006
45.045
45.050000000000004
45.05500000000001
45.06
45.065000000000005
45.07
45.075
45.080000000000005
45.085
45.09
45.095000000000006
45.1
45.105000000000004
45.11000000000001
45.115
45.120000000000005
45.125
45.13
45.135000000000005
45.14
45.145
45.150000000000006
45.155
45.160000000000004
45.165000000000006
45.17
45.175000000000004
45.18000000000001
45.185
45.190000000000005
45.195
45.2
45.205000000000005
45.21
45.215
45.220000000000006
45.225
45.230000000000004
45.23500000000001
45.24
45.245000000000005
45.25
45.255
45.260000000000005
45.265
45.27
45.275000000000006
45.28
45.285000000000004
45.290000000000006
45.295
45.300000000000004
45.30500000000001
45.31
45.315000000000005
45.32
45.325
45.330000000000005
45.335
45.34
45.345000000000006
45.35
45.355000000000004
45.36000000000001
45.365
45.370000000000005
45.375
45.38
45.385000000000005
45.39
45.395
45.400000000000006
45.405
45.410000000000004
45.415000000000006
45.42
45.425000000000004
45.43000000000001
45.435
45.440000000000005
45.445
45.45
45.455000000000005
45.46
45.465
45.470000000000006
45.475
45.480000000000004
45.48500000000001
45.49
45.495000000000005
45.5
45.505
45.510000000000005
45.515
45.52
45.525000000000006
45.53
45.535000000000004
45.540000000000006
45.545
45.550000000000004
45.55500000000001
45.56
45.565000000000005
45.57
45.575
45.580000000000005
45.585
45.59
45.595000000000006
45.6
45.605000000000004
45.61000000000001
45.615
45.620000000000005
45.625
45.63
45.635000000000005
45.64
45.645
45.650000000000006
45.655
45.660000000000004
45.665000000000006
45.67
45.675000000000004
45.68000000000001
45.685
45.690000000000005
45.695
45.7
45.705000000000005
45.71
45.715
45.720000000000006
45.725
45.730000000000004
45.73500000000001
45.74
45.745000000000005
45.75
45.755
45.760000000000005
45.765
45.77
45.775000000000006
45.78
45.785000000000004
45.790000000000006
45.795
45.800000000000004
45.80500000000001
45.81
45.815000000000005
45.82
45.825
45.830000000000005
45.835
45.84
45.845000000000006
45.85
45.855000000000004
45.86000000000001
45.865
45.870000000000005
45.875
45.88
45.885000000000005
45.89
45.895
45.900000000000006
45.905
45.910000000000004
45.915000000000006
45.92
45.925000000000004
45.93000000000001
45.935
45.940000000000005
45.945
45.95
45.955000000000005
45.96
45.965
45.970000000000006
45.975
45.980000000000004
45.98500000000001
45.99
45.995000000000005
46.0
46.005
46.010000000000005
46.015
46.02
46.025000000000006
46.03
46.035000000000004
46.040000000000006
46.045
46.050000000000004
46.05500000000001
46.06
46.065000000000005
46.07
46.075
46.080000000000005
46.085
46.09
46.095000000000006
46.1
46.105000000000004
46.11000000000001
46.115
46.120000000000005
46.125
46.13
46.135000000000005
46.14
46.145
46.150000000000006
46.155
46.160000000000004
46.165000000000006
46.17
46.175000000000004
46.18000000000001
46.185
46.190000000000005
46.195
46.2
46.205000000000005
46.21
46.215
46.220000000000006
46.225
46.230000000000004
46.23500000000001
46.24
46.245000000000005
46.25
46.255
46.260000000000005
46.265
46.27
46.275000000000006
46.28
46.285000000000004
46.290000000000006
46.295
46.300000000000004
46.30500000000001
46.31
46.315000000000005
46.32
46.325
46.330000000000005
46.335
46.34
46.345000000000006
46.35
46.355000000000004
46.36000000000001
46.365
46.370000000000005
46.375
46.38
46.385000000000005
46.39
46.395
46.400000000000006
46.405
46.410000000000004
46.415000000000006
46.42
46.425000000000004
46.43000000000001
46.435
46.440000000000005
46.445
46.45
46.455000000000005
46.46
46.465
46.470000000000006
46.475
46.480000000000004
46.48500000000001
46.49
46.495000000000005
46.5
46.505
46.510000000000005
46.515
46.52
46.525000000000006
46.53
46.535000000000004
46.540000000000006
46.545
46.550000000000004
46.55500000000001
46.56
46.565000000000005
46.57
46.575
46.580000000000005
46.585
46.59
46.595000000000006
46.6
46.605000000000004
46.61000000000001
46.615
46.620000000000005
46.625
46.63
46.635000000000005
46.64
46.645
46.650000000000006
46.655
46.660000000000004
46.665000000000006
46.67
46.675000000000004
46.68000000000001
46.685
46.690000000000005
46.695
46.7
46.705000000000005
46.71
46.715
46.720000000000006
46.725
46.730000000000004
46.73500000000001
46.74
46.745000000000005
46.75
46.755
46.760000000000005
46.765
46.77
46.775000000000006
46.78
46.785000000000004
46.790000000000006
46.795
46.800000000000004
46.80500000000001
46.81
46.815000000000005
46.82
46.825
46.830000000000005
46.835
46.84
46.845000000000006
46.85
46.855000000000004
46.86000000000001
46.865
46.870000000000005
46.875
46.88
46.885000000000005
46.89
46.895
46.900000000000006
46.905
46.910000000000004
46.915000000000006
46.92
46.925000000000004
46.93000000000001
46.935
46.940000000000005
46.945
46.95
46.955000000000005
46.96
46.965
46.970000000000006
46.975
46.980000000000004
46.98500000000001
46.99
46.995000000000005
47.0
47.005
47.010000000000005
47.015
47.02
47.025000000000006
47.03
47.035000000000004
47.040000000000006
47.045
47.050000000000004
47.05500000000001
47.06
47.065000000000005
47.07
47.075
47.080000000000005
47.085
47.09
47.095000000000006
47.1
47.105000000000004
47.11000000000001
47.115
47.120000000000005
47.125
47.13
47.135000000000005
47.14
47.145
47.150000000000006
47.155
47.160000000000004
47.165000000000006
47.17
47.175000000000004
47.18000000000001
47.185
47.190000000000005
47.195
47.2
47.205000000000005
47.21
47.215
47.220000000000006
47.225
47.230000000000004
47.23500000000001
47.24
47.245000000000005
47.25
47.255
47.260000000000005
47.265
47.27
47.275000000000006
47.28
47.285000000000004
47.290000000000006
47.295
47.300000000000004
47.30500000000001
47.31
47.315000000000005
47.32
47.325
47.330000000000005
47.335
47.34
47.345000000000006
47.35
47.355000000000004
47.36000000000001
47.365
47.370000000000005
47.375
47.38
47.385000000000005
47.39
47.395
47.400000000000006
47.405
47.410000000000004
47.415000000000006
47.42
47.425000000000004
47.43000000000001
47.435
47.440000000000005
47.445
47.45
47.455000000000005
47.46
47.465
47.470000000000006
47.475
47.480000000000004
47.48500000000001
47.49
47.495000000000005
47.5
47.505
47.510000000000005
47.515
47.52
47.525000000000006
47.53
47.535000000000004
47.540000000000006
47.545
47.550000000000004
47.55500000000001
47.56
47.565000000000005
47.57
47.575
47.580000000000005
47.585
47.59
47.595000000000006
47.6
47.605000000000004
47.61000000000001
47.615
47.620000000000005
47.625
47.63
47.635000000000005
47.64
47.645
47.650000000000006
47.655
47.660000000000004
47.665000000000006
47.67
47.675000000000004
47.68000000000001
47.685
47.690000000000005
47.695
47.7
47.705000000000005
47.71
47.715
47.720000000000006
47.725
47.730000000000004
47.73500000000001
47.74
47.745000000000005
47.75
47.755
47.760000000000005
47.765
47.77
47.775000000000006
47.78
47.785000000000004
47.790000000000006
47.795
47.800000000000004
47.80500000000001
47.81
47.815000000000005
47.82
47.825
47.830000000000005
47.835
47.84
47.845000000000006
47.85
47.855000000000004
47.86000000000001
47.865
47.870000000000005
47.87500000000001
47.88
47.885000000000005
47.89
47.895
47.900000000000006
47.905
47.910000000000004
47.915000000000006
47.92
47.925000000000004
47.93000000000001
47.935
47.940000000000005
47.945
47.95
47.955000000000005
47.96
47.965
47.970000000000006
47.975
47.980000000000004
47.98500000000001
47.99
47.995000000000005
48.00000000000001
48.005
48.010000000000005
48.015
48.02
48.025000000000006
48.03
48.035000000000004
48.040000000000006
48.045
48.050000000000004
48.05500000000001
48.06
48.065000000000005
48.07
48.075
48.080000000000005
48.085
48.09
48.095000000000006
48.1
48.105000000000004
48.11000000000001
48.115
48.120000000000005
48.12500000000001
48.13
48.135000000000005
48.14
48.145
48.150000000000006
48.155
48.160000000000004
48.165000000000006
48.17
48.175000000000004
48.18000000000001
48.185
48.190000000000005
48.195
48.2
48.205000000000005
48.21
48.215
48.220000000000006
48.225
48.230000000000004
48.23500000000001
48.24
48.245000000000005
48.25000000000001
48.255
48.260000000000005
48.265
48.27
48.275000000000006
48.28
48.285000000000004
48.290000000000006
48.295
48.300000000000004
48.30500000000001
48.31
48.315000000000005
48.32
48.325
48.330000000000005
48.335
48.34
48.345000000000006
48.35
48.355000000000004
48.36000000000001
48.365
48.370000000000005
48.37500000000001
48.38
48.385000000000005
48.39
48.395
48.400000000000006
48.405
48.410000000000004
48.415000000000006
48.42
48.425000000000004
48.43000000000001
48.435
48.440000000000005
48.445
48.45
48.455000000000005
48.46
48.465
48.470000000000006
48.475
48.480000000000004
48.48500000000001
48.49
48.495000000000005
48.50000000000001
48.505
48.510000000000005
48.515
48.52
48.525000000000006
48.53
48.535000000000004
48.540000000000006
48.545
48.550000000000004
48.55500000000001
48.56
48.565000000000005
48.57
48.575
48.580000000000005
48.585
48.59
48.595000000000006
48.6
48.605000000000004
48.61000000000001
48.615
48.620000000000005
48.62500000000001
48.63
48.635000000000005
48.64
48.645
48.650000000000006
48.655
48.660000000000004
48.665000000000006
48.67
48.675000000000004
48.68000000000001
48.685
48.690000000000005
48.695
48.7
48.705000000000005
48.71
48.715
48.720000000000006
48.725
48.730000000000004
48.73500000000001
48.74
48.745000000000005
48.75000000000001
48.755
48.760000000000005
48.765
48.77
48.775000000000006
48.78
48.785000000000004
48.790000000000006
48.795
48.800000000000004
48.80500000000001
48.81
48.815000000000005
48.82
48.825
48.830000000000005
48.835
48.84
48.845000000000006
48.85
48.855000000000004
48.86000000000001
48.865
48.870000000000005
48.87500000000001
48.88
48.885000000000005
48.89
48.895
48.900000000000006
48.905
48.910000000000004
48.915000000000006
48.92
48.925000000000004
48.93000000000001
48.935
48.940000000000005
48.945
48.95
48.955000000000005
48.96
48.965
48.970000000000006
48.975
48.980000000000004
48.98500000000001
48.99
48.995000000000005
49.00000000000001
49.005
49.010000000000005
49.015
49.02
49.025000000000006
49.03
49.035000000000004
49.040000000000006
49.045
49.050000000000004
49.05500000000001
49.06
49.065000000000005
49.07
49.075
49.080000000000005
49.085
49.09
49.095000000000006
49.1
49.105000000000004
49.11000000000001
49.115
49.120000000000005
49.12500000000001
49.13
49.135000000000005
49.14
49.145
49.150000000000006
49.155
49.160000000000004
49.165000000000006
49.17
49.175000000000004
49.18000000000001
49.185
49.190000000000005
49.195
49.2
49.205000000000005
49.21
49.215
49.220000000000006
49.225
49.230000000000004
49.23500000000001
49.24
49.245000000000005
49.25000000000001
49.255
49.260000000000005
49.265
49.27
49.275000000000006
49.28
49.285000000000004
49.290000000000006
49.295
49.300000000000004
49.30500000000001
49.31
49.315000000000005
49.32
49.325
49.330000000000005
49.335
49.34
49.345000000000006
49.35
49.355000000000004
49.36000000000001
49.365
49.370000000000005
49.37500000000001
49.38
49.385000000000005
49.39
49.395
49.400000000000006
49.405
49.410000000000004
49.415000000000006
49.42
49.425000000000004
49.43000000000001
49.435
49.440000000000005
49.445
49.45
49.455000000000005
49.46
49.465
49.470000000000006
49.475
49.480000000000004
49.48500000000001
49.49
49.495000000000005
49.50000000000001
49.505
49.510000000000005
49.515
49.52
49.525000000000006
49.53
49.535000000000004
49.540000000000006
49.545
49.550000000000004
49.55500000000001
49.56
49.565000000000005
49.57
49.575
49.580000000000005
49.585
49.59
49.595000000000006
49.6
49.605000000000004
49.61000000000001
49.615
49.620000000000005
49.62500000000001
49.63
49.635000000000005
49.64
49.645
49.650000000000006
49.655
49.660000000000004
49.665000000000006
49.67
49.675000000000004
49.68000000000001
49.685
49.690000000000005
49.695
49.7
49.705000000000005
49.71
49.715
49.720000000000006
49.725
49.730000000000004
49.73500000000001
49.74
49.745000000000005
49.75000000000001
49.755
49.760000000000005
49.765
49.77
49.775000000000006
49.78
49.785000000000004
49.790000000000006
49.795
49.800000000000004
49.80500000000001
49.81
49.815000000000005
49.82
49.825
49.830000000000005
49.835
49.84
49.845000000000006
49.85
49.855000000000004
49.86000000000001
49.865
49.870000000000005
49.87500000000001
49.88
49.885000000000005
49.89
49.895
49.900000000000006
49.905
49.910000000000004
49.915000000000006
49.92
49.925000000000004
49.93000000000001
49.935
49.940000000000005
49.945
49.95
49.955000000000005
49.96
49.965
49.970000000000006
49.975
49.980000000000004
49.98500000000001
49.99
49.995000000000005
50.00000000000001
50.005
50.010000000000005
50.015
50.02
50.025000000000006
50.03
50.035000000000004
50.040000000000006
50.045
50.050000000000004
50.05500000000001
50.06
50.065000000000005
50.07
50.075
50.080000000000005
50.085
50.09
50.095000000000006
50.1
50.105000000000004
50.11000000000001
50.115
50.120000000000005
50.12500000000001
50.13
50.135000000000005
50.14
50.145
50.150000000000006
50.155
50.160000000000004
50.165000000000006
50.17
50.175000000000004
50.18000000000001
50.185
50.190000000000005
50.195
50.2
50.205000000000005
50.21
50.215
50.220000000000006
50.225
50.230000000000004
50.23500000000001
50.24
50.245000000000005
50.25000000000001
50.255
50.260000000000005
50.265
50.27
50.275000000000006
50.28
50.285000000000004
50.290000000000006
50.295
50.300000000000004
50.30500000000001
50.31
50.315000000000005
50.32
50.325
50.330000000000005
50.335
50.34
50.345000000000006
50.35
50.355000000000004
50.36000000000001
50.365
50.370000000000005
50.37500000000001
50.38
50.385000000000005
50.39
50.395
50.400000000000006
50.405
50.410000000000004
50.415000000000006
50.42
50.425000000000004
50.43000000000001
50.435
50.440000000000005
50.445
50.45
50.455000000000005
50.46
50.465
50.470000000000006
50.475
50.480000000000004
50.48500000000001
50.49
50.495000000000005
50.50000000000001
50.505
50.510000000000005
50.515
50.52
50.525000000000006
50.53
50.535000000000004
50.540000000000006
50.545
50.550000000000004
50.55500000000001
50.56
50.565000000000005
50.57
50.575
50.580000000000005
50.585
50.59
50.595000000000006
50.6
50.605000000000004
50.61000000000001
50.615
50.620000000000005
50.62500000000001
50.63
50.635000000000005
50.64
50.645
50.650000000000006
50.655
50.660000000000004
50.665000000000006
50.67
50.675000000000004
50.68000000000001
50.685
50.690000000000005
50.695
50.7
50.705000000000005
50.71
50.715
50.720000000000006
50.725
50.730000000000004
50.73500000000001
50.74
50.745000000000005
50.75000000000001
50.755
50.760000000000005
50.765
50.77
50.775000000000006
50.78
50.785000000000004
50.790000000000006
50.795
50.800000000000004
50.80500000000001
50.81
50.815000000000005
50.82
50.825
50.830000000000005
50.835
50.84
50.845000000000006
50.85
50.855000000000004
50.86000000000001
50.865
50.870000000000005
50.87500000000001
50.88
50.885000000000005
50.89
50.895
50.900000000000006
50.905
50.910000000000004
50.915000000000006
50.92
50.925000000000004
50.93000000000001
50.935
50.940000000000005
50.945
50.95
50.955000000000005
50.96
50.965
50.970000000000006
50.975
50.980000000000004
50.98500000000001
50.99
50.995000000000005
51.00000000000001
51.005
51.010000000000005
51.015
51.02
51.025000000000006
51.03
51.035000000000004
51.040000000000006
51.045
51.050000000000004
51.05500000000001
51.06
51.065000000000005
51.07
51.075
51.080000000000005
51.085
51.09
51.095000000000006
51.1
51.105000000000004
51.11000000000001
51.115
51.120000000000005
51.12500000000001
51.13
51.135000000000005
51.14
51.145
51.150000000000006
51.155
51.160000000000004
51.165000000000006
51.17
51.175000000000004
51.18000000000001
51.185
51.190000000000005
51.195
51.2
51.205000000000005
51.21
51.215
51.220000000000006
51.225
51.230000000000004
51.23500000000001
51.24
51.245000000000005
51.25000000000001
51.255
51.260000000000005
51.265
51.27
51.275000000000006
51.28
51.285000000000004
51.290000000000006
51.295
51.300000000000004
51.30500000000001
51.31
51.315000000000005
51.32
51.325
51.330000000000005
51.335
51.34
51.345000000000006
51.35
51.355000000000004
51.36000000000001
51.365
51.370000000000005
51.37500000000001
51.38
51.385000000000005
51.39
51.395
51.400000000000006
51.405
51.410000000000004
51.415000000000006
51.42
51.425000000000004
51.43000000000001
51.435
51.440000000000005
51.445
51.45
51.455000000000005
51.46
51.465
51.470000000000006
51.475
51.480000000000004
51.48500000000001
51.49
51.495000000000005
51.50000000000001
51.505
51.510000000000005
51.515
51.52
51.525000000000006
51.53
51.535000000000004
51.540000000000006
51.545
51.550000000000004
51.55500000000001
51.56
51.565000000000005
51.57
51.575
51.580000000000005
51.585
51.59
51.595000000000006
51.6
51.605000000000004
51.61000000000001
51.615
51.620000000000005
51.62500000000001
51.63
51.635000000000005
51.64
51.645
51.650000000000006
51.655
51.660000000000004
51.665000000000006
51.67
51.675000000000004
51.68000000000001
51.685
51.690000000000005
51.695
51.7
51.705000000000005
51.71
51.715
51.720000000000006
51.725
51.730000000000004
51.73500000000001
51.74
51.745000000000005
51.75000000000001
51.755
51.760000000000005
51.765
51.77
51.775000000000006
51.78
51.785000000000004
51.790000000000006
51.795
51.800000000000004
51.80500000000001
51.81
51.815000000000005
51.82
51.825
51.830000000000005
51.835
51.84
51.845000000000006
51.85
51.855000000000004
51.86000000000001
51.865
51.870000000000005
51.87500000000001
51.88
51.885000000000005
51.89
51.895
51.900000000000006
51.905
51.910000000000004
51.915000000000006
51.92
51.925000000000004
51.93000000000001
51.935
51.940000000000005
51.945
51.95
51.955000000000005
51.96
51.965
51.970000000000006
51.975
51.980000000000004
51.98500000000001
51.99
51.995000000000005
52.00000000000001
52.005
52.010000000000005
52.015
52.02
52.025000000000006
52.03
52.035000000000004
52.040000000000006
52.045
52.050000000000004
52.05500000000001
52.06
52.065000000000005
52.07
52.075
52.080000000000005
52.085
52.09
52.095000000000006
52.1
52.105000000000004
52.11000000000001
52.115
52.120000000000005
52.12500000000001
52.13
52.135000000000005
52.14
52.145
52.150000000000006
52.155
52.160000000000004
52.165000000000006
52.17
52.175000000000004
52.18000000000001
52.185
52.190000000000005
52.195
52.2
52.205000000000005
52.21
52.215
52.220000000000006
52.225
52.230000000000004
52.23500000000001
52.24
52.245000000000005
52.25000000000001
52.255
52.260000000000005
52.265
52.27
52.275000000000006
52.28
52.285000000000004
52.290000000000006
52.295
52.300000000000004
52.30500000000001
52.31
52.315000000000005
52.32
52.325
52.330000000000005
52.335
52.34
52.345000000000006
52.35
52.355000000000004
52.36000000000001
52.365
52.370000000000005
52.37500000000001
52.38
52.385000000000005
52.39
52.395
52.400000000000006
52.405
52.410000000000004
52.415000000000006
52.42
52.425000000000004
52.43000000000001
52.435
52.440000000000005
52.445
52.45
52.455000000000005
52.46
52.465
52.470000000000006
52.475
52.480000000000004
52.48500000000001
52.49
52.495000000000005
52.50000000000001
52.505
52.510000000000005
52.515
52.52
52.525000000000006
52.53
52.535000000000004
52.540000000000006
52.545
52.550000000000004
52.55500000000001
52.56
52.565000000000005
52.57
52.575
52.580000000000005
52.585
52.59
52.595000000000006
52.6
52.605000000000004
52.61000000000001
52.615
52.620000000000005
52.62500000000001
52.63
52.635000000000005
52.64
52.645
52.650000000000006
52.655
52.660000000000004
52.665000000000006
52.67
52.675000000000004
52.68000000000001
52.685
52.690000000000005
52.695
52.7
52.705000000000005
52.71
52.715
52.720000000000006
52.725
52.730000000000004
52.73500000000001
52.74
52.745000000000005
52.75000000000001
52.755
52.760000000000005
52.765
52.77
52.775000000000006
52.78
52.785000000000004
52.790000000000006
52.795
52.800000000000004
52.80500000000001
52.81
52.815000000000005
52.82
52.825
52.830000000000005
52.835
52.84
52.845000000000006
52.85
52.855000000000004
52.86000000000001
52.865
52.870000000000005
52.87500000000001
52.88
52.885000000000005
52.89
52.895
52.900000000000006
52.905
52.910000000000004
52.915000000000006
52.92
52.925000000000004
52.93000000000001
52.935
52.940000000000005
52.945
52.95
52.955000000000005
52.96
52.965
52.970000000000006
52.975
52.980000000000004
52.98500000000001
52.99
52.995000000000005
53.00000000000001
53.005
53.010000000000005
53.015
53.02
53.025000000000006
53.03
53.035000000000004
53.040000000000006
53.045
53.050000000000004
53.05500000000001
53.06
53.065000000000005
53.07
53.075
53.080000000000005
53.085
53.09
53.095000000000006
53.1
53.105000000000004
53.11000000000001
53.115
53.120000000000005
53.12500000000001
53.13
53.135000000000005
53.14
53.145
53.150000000000006
53.155
53.160000000000004
53.165000000000006
53.17
53.175000000000004
53.18000000000001
53.185
53.190000000000005
53.195
53.2
53.205000000000005
53.21
53.215
53.220000000000006
53.225
53.230000000000004
53.23500000000001
53.24
53.245000000000005
53.25000000000001
53.255
53.260000000000005
53.265
53.27
53.275000000000006
53.28
53.285000000000004
53.290000000000006
53.295
53.300000000000004
53.30500000000001
53.31
53.315000000000005
53.32
53.325
53.330000000000005
53.335
53.34
53.345000000000006
53.35
53.355000000000004
53.36000000000001
53.365
53.370000000000005
53.37500000000001
53.38
53.385000000000005
53.39
53.395
53.400000000000006
53.405
53.410000000000004
53.415000000000006
53.42
53.425000000000004
53.43000000000001
53.435
53.440000000000005
53.445
53.45
53.455000000000005
53.46
53.465
53.470000000000006
53.475
53.480000000000004
53.48500000000001
53.49
53.495000000000005
53.50000000000001
53.505
53.510000000000005
53.515
53.52
53.525000000000006
53.53
53.535000000000004
53.540000000000006
53.545
53.550000000000004
53.55500000000001
53.56
53.565000000000005
53.57
53.575
53.580000000000005
53.585
53.59
53.595000000000006
53.6
53.605000000000004
53.61000000000001
53.615
53.620000000000005
53.62500000000001
53.63
53.635000000000005
53.64
53.645
53.650000000000006
53.655
53.660000000000004
53.665000000000006
53.67
53.675000000000004
53.68000000000001
53.685
53.690000000000005
53.695
53.7
53.705000000000005
53.71
53.715
53.720000000000006
53.725
53.730000000000004
53.73500000000001
53.74
53.745000000000005
53.75000000000001
53.755
53.760000000000005
53.765
53.77
53.775000000000006
53.78
53.785000000000004
53.790000000000006
53.795
53.800000000000004
53.80500000000001
53.81
53.815000000000005
53.82
53.825
53.830000000000005
53.835
53.84
53.845000000000006
53.85
53.855000000000004
53.86000000000001
53.865
53.870000000000005
53.87500000000001
53.88
53.885000000000005
53.89
53.895
53.900000000000006
53.905
53.910000000000004
53.915000000000006
53.92
53.925000000000004
53.93000000000001
53.935
53.940000000000005
53.945
53.95
53.955000000000005
53.96
53.965
53.970000000000006
53.975
53.980000000000004
53.98500000000001
53.99
53.995000000000005
54.00000000000001
54.005
54.010000000000005
54.015
54.02
54.025000000000006
54.03
54.035000000000004
54.040000000000006
54.045
54.050000000000004
54.05500000000001
54.06
54.065000000000005
54.07
54.075
54.080000000000005
54.085
54.09
54.095000000000006
54.1
54.105000000000004
54.11000000000001
54.115
54.120000000000005
54.12500000000001
54.13
54.135000000000005
54.14
54.145
54.150000000000006
54.155
54.160000000000004
54.165000000000006
54.17
54.175000000000004
54.18000000000001
54.185
54.190000000000005
54.195
54.2
54.205000000000005
54.21
54.215
54.220000000000006
54.225
54.230000000000004
54.23500000000001
54.24
54.245000000000005
54.25000000000001
54.255
54.260000000000005
54.265
54.27
54.275000000000006
54.28
54.285000000000004
54.290000000000006
54.295
54.300000000000004
54.30500000000001
54.31
54.315000000000005
54.32
54.325
54.330000000000005
54.335
54.34
54.345000000000006
54.35
54.355000000000004
54.36000000000001
54.365
54.370000000000005
54.37500000000001
54.38
54.385000000000005
54.39
54.395
54.400000000000006
54.405
54.410000000000004
54.415000000000006
54.42
54.425000000000004
54.43000000000001
54.435
54.440000000000005
54.445
54.45
54.455000000000005
54.46
54.465
54.470000000000006
54.475
54.480000000000004
54.48500000000001
54.49
54.495000000000005
54.50000000000001
54.505
54.510000000000005
54.515
54.52
54.525000000000006
54.53
54.535000000000004
54.540000000000006
54.545
54.550000000000004
54.55500000000001
54.56
54.565000000000005
54.57
54.575
54.580000000000005
54.585
54.59
54.595000000000006
54.6
54.605000000000004
54.61000000000001
54.615
54.620000000000005
54.62500000000001
54.63
54.635000000000005
54.64
54.645
54.650000000000006
54.655
54.660000000000004
54.665000000000006
54.67
54.675000000000004
54.68000000000001
54.685
54.690000000000005
54.695
54.7
54.705000000000005
54.71
54.715
54.720000000000006
54.725
54.730000000000004
54.73500000000001
54.74
54.745000000000005
54.75000000000001
54.755
54.760000000000005
54.765
54.77
54.775000000000006
54.78
54.785000000000004
54.790000000000006
54.795
54.800000000000004
54.80500000000001
54.81
54.815000000000005
54.82
54.825
54.830000000000005
54.835
54.84
54.845000000000006
54.85
54.855000000000004
54.86000000000001
54.865
54.870000000000005
54.87500000000001
54.88
54.885000000000005
54.89
54.895
54.900000000000006
54.905
54.910000000000004
54.915000000000006
54.92
54.925000000000004
54.93000000000001
54.935
54.940000000000005
54.945
54.95
54.955000000000005
54.96
54.965
54.970000000000006
54.975
54.980000000000004
54.98500000000001
54.99
54.995000000000005
55.00000000000001
55.005
55.010000000000005
55.015
55.02
55.025000000000006
55.03
55.035000000000004
55.040000000000006
55.045
55.050000000000004
55.05500000000001
55.06
55.065000000000005
55.07
55.075
55.080000000000005
55.085
55.09
55.095000000000006
55.1
55.105000000000004
55.11000000000001
55.115
55.120000000000005
55.12500000000001
55.13
55.135000000000005
55.14
55.145
55.150000000000006
55.155
55.160000000000004
55.165000000000006
55.17
55.175000000000004
55.18000000000001
55.185
55.190000000000005
55.195
55.2
55.205000000000005
55.21
55.215
55.220000000000006
55.225
55.230000000000004
55.23500000000001
55.24
55.245000000000005
55.25000000000001
55.255
55.260000000000005
55.265
55.27
55.275000000000006
55.28
55.285000000000004
55.290000000000006
55.295
55.300000000000004
55.30500000000001
55.31
55.315000000000005
55.32
55.325
55.330000000000005
55.335
55.34
55.345000000000006
55.35
55.355000000000004
55.36000000000001
55.365
55.370000000000005
55.37500000000001
55.38
55.385000000000005
55.39
55.395
55.400000000000006
55.405
55.410000000000004
55.415000000000006
55.42
55.425000000000004
55.43000000000001
55.435
55.440000000000005
55.445
55.45
55.455000000000005
55.46
55.465
55.470000000000006
55.475
55.480000000000004
55.48500000000001
55.49
55.495000000000005
55.50000000000001
55.505
55.510000000000005
55.515
55.52
55.525000000000006
55.53
55.535000000000004
55.540000000000006
55.545
55.550000000000004
55.55500000000001
55.56
55.565000000000005
55.57
55.575
55.580000000000005
55.585
55.59
55.595000000000006
55.6
55.605000000000004
55.61000000000001
55.615
55.620000000000005
55.62500000000001
55.63
55.635000000000005
55.64
55.645
55.650000000000006
55.655
55.660000000000004
55.665000000000006
55.67
55.675000000000004
55.68000000000001
55.685
55.690000000000005
55.695
55.7
55.705000000000005
55.71
55.715
55.720000000000006
55.725
55.730000000000004
55.73500000000001
55.74
55.745000000000005
55.75000000000001
55.755
55.760000000000005
55.765
55.77
55.775000000000006
55.78
55.785000000000004
55.790000000000006
55.795
55.800000000000004
55.80500000000001
55.81
55.815000000000005
55.82
55.825
55.830000000000005
55.835
55.84
55.845000000000006
55.85
55.855000000000004
55.86000000000001
55.865
55.870000000000005
55.87500000000001
55.88
55.885000000000005
55.89
55.895
55.900000000000006
55.905
55.910000000000004
55.915000000000006
55.92
55.925000000000004
55.93000000000001
55.935
55.940000000000005
55.945
55.95
55.955000000000005
55.96
55.965
55.970000000000006
55.975
55.980000000000004
55.98500000000001
55.99
55.995000000000005
56.00000000000001
56.005
56.010000000000005
56.015
56.02
56.025000000000006
56.03
56.035000000000004
56.040000000000006
56.045
56.050000000000004
56.05500000000001
56.06
56.065000000000005
56.07
56.075
56.080000000000005
56.085
56.09
56.095000000000006
56.1
56.105000000000004
56.11000000000001
56.115
56.120000000000005
56.12500000000001
56.13
56.135000000000005
56.14
56.145
56.150000000000006
56.155
56.160000000000004
56.165000000000006
56.17
56.175000000000004
56.18000000000001
56.185
56.190000000000005
56.195
56.2
56.205000000000005
56.21
56.215
56.220000000000006
56.225
56.230000000000004
56.23500000000001
56.24
56.245000000000005
56.25000000000001
56.255
56.260000000000005
56.265
56.27
56.275000000000006
56.28
56.285000000000004
56.290000000000006
56.295
56.300000000000004
56.30500000000001
56.31
56.315000000000005
56.32
56.325
56.330000000000005
56.335
56.34
56.345000000000006
56.35
56.355000000000004
56.36000000000001
56.365
56.370000000000005
56.37500000000001
56.38
56.385000000000005
56.39
56.395
56.400000000000006
56.405
56.410000000000004
56.415000000000006
56.42
56.425000000000004
56.43000000000001
56.435
56.440000000000005
56.445
56.45
56.455000000000005
56.46
56.465
56.470000000000006
56.475
56.480000000000004
56.48500000000001
56.49
56.495000000000005
56.50000000000001
56.505
56.510000000000005
56.515
56.52
56.525000000000006
56.53
56.535000000000004
56.540000000000006
56.545
56.550000000000004
56.55500000000001
56.56
56.565000000000005
56.57
56.575
56.580000000000005
56.585
56.59
56.595000000000006
56.6
56.605000000000004
56.61000000000001
56.615
56.620000000000005
56.62500000000001
56.63
56.635000000000005
56.64
56.645
56.650000000000006
56.655
56.660000000000004
56.665000000000006
56.67
56.675000000000004
56.68000000000001
56.685
56.690000000000005
56.695
56.7
56.705000000000005
56.71
56.715
56.720000000000006
56.725
56.730000000000004
56.73500000000001
56.74
56.745000000000005
56.75000000000001
56.755
56.760000000000005
56.765
56.77
56.775000000000006
56.78
56.785000000000004
56.790000000000006
56.795
56.800000000000004
56.80500000000001
56.81
56.815000000000005
56.82
56.825
56.830000000000005
56.835
56.84
56.845000000000006
56.85
56.855000000000004
56.86000000000001
56.865
56.870000000000005
56.87500000000001
56.88
56.885000000000005
56.89
56.895
56.900000000000006
56.905
56.910000000000004
56.915000000000006
56.92
56.925000000000004
56.93000000000001
56.935
56.940000000000005
56.945
56.95
56.955000000000005
56.96
56.965
56.970000000000006
56.975
56.980000000000004
56.98500000000001
56.99
56.995000000000005
57.00000000000001
57.005
57.010000000000005
57.015
57.02
57.025000000000006
57.03
57.035000000000004
57.040000000000006
57.045
57.050000000000004
57.05500000000001
57.06
57.065000000000005
57.07
57.075
57.080000000000005
57.085
57.09
57.095000000000006
57.1
57.105000000000004
57.11000000000001
57.115
57.120000000000005
57.12500000000001
57.13
57.135000000000005
57.14
57.145
57.150000000000006
57.155
57.160000000000004
57.165000000000006
57.17
57.175000000000004
57.18000000000001
57.185
57.190000000000005
57.195
57.2
57.205000000000005
57.21
57.215
57.220000000000006
57.225
57.230000000000004
57.23500000000001
57.24
57.245000000000005
57.25000000000001
57.255
57.260000000000005
57.265
57.27
57.275000000000006
57.28
57.285000000000004
57.290000000000006
57.295
57.300000000000004
57.30500000000001
57.31
57.315000000000005
57.32
57.325
57.330000000000005
57.335
57.34
57.345000000000006
57.35
57.355000000000004
57.36000000000001
57.365
57.370000000000005
57.37500000000001
57.38
57.385000000000005
57.39
57.395
57.400000000000006
57.405
57.410000000000004
57.415000000000006
57.42
57.425000000000004
57.43000000000001
57.435
57.440000000000005
57.445
57.45
57.455000000000005
57.46
57.465
57.470000000000006
57.475
57.480000000000004
57.48500000000001
57.49
57.495000000000005
57.50000000000001
57.505
57.510000000000005
57.515
57.52
57.525000000000006
57.53
57.535000000000004
57.540000000000006
57.545
57.550000000000004
57.55500000000001
57.56
57.565000000000005
57.57
57.575
57.580000000000005
57.585
57.59
57.595000000000006
57.6
57.605000000000004
57.61000000000001
57.615
57.620000000000005
57.62500000000001
57.63
57.635000000000005
57.64
57.645
57.650000000000006
57.655
57.660000000000004
57.665000000000006
57.67
57.675000000000004
57.68000000000001
57.685
57.690000000000005
57.695
57.7
57.705000000000005
57.71
57.715
57.720000000000006
57.725
57.730000000000004
57.73500000000001
57.74
57.745000000000005
57.75000000000001
57.755
57.760000000000005
57.765
57.77
57.775000000000006
57.78
57.785000000000004
57.790000000000006
57.795
57.800000000000004
57.80500000000001
57.81
57.815000000000005
57.82
57.825
57.830000000000005
57.835
57.84
57.845000000000006
57.85
57.855000000000004
57.86000000000001
57.865
57.870000000000005
57.87500000000001
57.88
57.885000000000005
57.89
57.895
57.900000000000006
57.905
57.910000000000004
57.915000000000006
57.92
57.925000000000004
57.93000000000001
57.935
57.940000000000005
57.945
57.95
57.955000000000005
57.96
57.965
57.970000000000006
57.975
57.980000000000004
57.98500000000001
57.99
57.995000000000005
58.00000000000001
58.005
58.010000000000005
58.015
58.02
58.025000000000006
58.03
58.035000000000004
58.040000000000006
58.045
58.050000000000004
58.05500000000001
58.06
58.065000000000005
58.07
58.075
58.080000000000005
58.085
58.09
58.095000000000006
58.1
58.105000000000004
58.11000000000001
58.115
58.120000000000005
58.12500000000001
58.13
58.135000000000005
58.14
58.145
58.150000000000006
58.155
58.160000000000004
58.165000000000006
58.17
58.175000000000004
58.18000000000001
58.185
58.190000000000005
58.195
58.2
58.205000000000005
58.21
58.215
58.220000000000006
58.225
58.230000000000004
58.23500000000001
58.24
58.245000000000005
58.25000000000001
58.255
58.260000000000005
58.265
58.27
58.275000000000006
58.28
58.285000000000004
58.290000000000006
58.295
58.300000000000004
58.30500000000001
58.31
58.315000000000005
58.32
58.325
58.330000000000005
58.335
58.34
58.345000000000006
58.35
58.355000000000004
58.36000000000001
58.365
58.370000000000005
58.37500000000001
58.38
58.385000000000005
58.39
58.395
58.400000000000006
58.405
58.410000000000004
58.415000000000006
58.42
58.425000000000004
58.43000000000001
58.435
58.440000000000005
58.445
58.45
58.455000000000005
58.46
58.465
58.470000000000006
58.475
58.480000000000004
58.48500000000001
58.49
58.495000000000005
58.50000000000001
58.505
58.510000000000005
58.515
58.52
58.525000000000006
58.53
58.535000000000004
58.540000000000006
58.545
58.550000000000004
58.55500000000001
58.56
58.565000000000005
58.57
58.575
58.580000000000005
58.585
58.59
58.595000000000006
58.6
58.605000000000004
58.61000000000001
58.615
58.620000000000005
58.62500000000001
58.63
58.635000000000005
58.64
58.645
58.650000000000006
58.655
58.660000000000004
58.665000000000006
58.67
58.675000000000004
58.68000000000001
58.685
58.690000000000005
58.695
58.7
58.705000000000005
58.71
58.715
58.720000000000006
58.725
58.730000000000004
58.73500000000001
58.74
58.745000000000005
58.75000000000001
58.755
58.760000000000005
58.765
58.77
58.775000000000006
58.78
58.785000000000004
58.790000000000006
58.795
58.800000000000004
58.80500000000001
58.81
58.815000000000005
58.82
58.825
58.830000000000005
58.835
58.84
58.845000000000006
58.85
58.855000000000004
58.86000000000001
58.865
58.870000000000005
58.87500000000001
58.88
58.885000000000005
58.89
58.895
58.900000000000006
58.905
58.910000000000004
58.915000000000006
58.92
58.925000000000004
58.93000000000001
58.935
58.940000000000005
58.945
58.95
58.955000000000005
58.96
58.965
58.970000000000006
58.975
58.980000000000004
58.98500000000001
58.99
58.995000000000005
59.00000000000001
59.005
59.010000000000005
59.015
59.02
59.025000000000006
59.03
59.035000000000004
59.040000000000006
59.045
59.050000000000004
59.05500000000001
59.06
59.065000000000005
59.07
59.075
59.080000000000005
59.085
59.09
59.095000000000006
59.1
59.105000000000004
59.11000000000001
59.115
59.120000000000005
59.12500000000001
59.13
59.135000000000005
59.14
59.145
59.150000000000006
59.155
59.160000000000004
59.165000000000006
59.17
59.175000000000004
59.18000000000001
59.185
59.190000000000005
59.195
59.2
59.205000000000005
59.21
59.215
59.220000000000006
59.225
59.230000000000004
59.23500000000001
59.24
59.245000000000005
59.25000000000001
59.255
59.260000000000005
59.265
59.27
59.275000000000006
59.28
59.285000000000004
59.290000000000006
59.295
59.300000000000004
59.30500000000001
59.31
59.315000000000005
59.32
59.325
59.330000000000005
59.335
59.34
59.345000000000006
59.35
59.355000000000004
59.36000000000001
59.365
59.370000000000005
59.37500000000001
59.38
59.385000000000005
59.39
59.395
59.400000000000006
59.405
59.410000000000004
59.415000000000006
59.42
59.425000000000004
59.43000000000001
59.435
59.440000000000005
59.445
59.45
59.455000000000005
59.46
59.465
59.470000000000006
59.475
59.480000000000004
59.48500000000001
59.49
59.495000000000005
59.50000000000001
59.505
59.510000000000005
59.515
59.52
59.525000000000006
59.53
59.535000000000004
59.540000000000006
59.545
59.550000000000004
59.55500000000001
59.56
59.565000000000005
59.57
59.575
59.580000000000005
59.585
59.59
59.595000000000006
59.6
59.605000000000004
59.61000000000001
59.615
59.620000000000005
59.62500000000001
59.63
59.635000000000005
59.64
59.645
59.650000000000006
59.655
59.660000000000004
59.665000000000006
59.67
59.675000000000004
59.68000000000001
59.685
59.690000000000005
59.695
59.7
59.705000000000005
59.71
59.715
59.720000000000006
59.725
59.730000000000004
59.73500000000001
59.74
59.745000000000005
59.75000000000001
59.755
59.760000000000005
59.765
59.77
59.775000000000006
59.78
59.785000000000004
59.790000000000006
59.795
59.800000000000004
59.80500000000001
59.81
59.815000000000005
59.82
59.825
59.830000000000005
59.835
59.84
59.845000000000006
59.85
59.855000000000004
59.86000000000001
59.865
59.870000000000005
59.87500000000001
59.88
59.885000000000005
59.89
59.895
59.900000000000006
59.905
59.910000000000004
59.915000000000006
59.92
59.925000000000004
59.93000000000001
59.935
59.940000000000005
59.945
59.95
59.955000000000005
59.96
59.965
59.970000000000006
59.975
59.980000000000004
59.98500000000001
59.99
59.995000000000005
60.0
